6912
9939
7593
8673
8271
4323
4143
5939
9671
6507
2978
4042
8595
2247
7343
9347
7002
5010
8010
5213
9093
3939
9127
5937
4802
5692
5875
3054
7961
1957
8943
7883
7093
842
6816
6939
6537
4521
8336
6157
8382
1668
3721
9314
1071
2371
6101
5038
6622
7716
2139
1404
6352
5556
9908
374
2730
142
7358
1429
6292
3003
5065
6132
6116
8927
5251
3776
2150
7767
5606
1813
8276
1501
7992
6281
8261
6191
1141
8819
8038
6323
4637
5741
4202
9290
4150
7449
5253
6992
7052
5701
2665
8154
4242
1598
9440
9225
10101
4417
3147
8445
3159
2762
3667
8486
4995
6880
4548
650
8228
9540
2758
5049
10002
4389
1728
822
8378
2630
7786
6013
7289
5586
10094
6015
6243
6726
7736
1323
3854
1879
4537
1974
4542
8360
4402
7540
8479
5931
2240
10135
2775
10040
938
1219
8841
7183
7938
3675
10042
7357
8772
7440
5410
4139
399
2128
891
8812
2223
6948
7969
6712
6345
8985
3074
3689
6374
5953
4924
809
7363
9700
4034
5703
8021
4480
4057
6729
5781
9777
6289
365
6640
9734
5399
7099
7391
1073
1492
9681
4828
9175
4394
9886
9082
3004
5858
1818
952
8274
9458
5705
5451
4841
5998
3235
9420
9884
9794
4194
3759
9768
6140
6211
8252
16
331
8793
5164
3750
2157
1158
929
4657
2761
7037
5968
3964
8074
6220
1486
6722
5906
3185
7383
9352
9828
3733
6381
6604
9055
8420
8203
2124
9835
9382
5119
530
4747
10065
4146
5150
459
4915
9909
4433
6427
6865
8071
7054
5733
5405
587
5412
5756
6437
4716
5713
4580
1054
8205
5688
4990
3816
6453
4914
5127
5287
3468
4501
6486
1625
8805
9397
8715
3494
4740
4445
6359
1151
94
3906
1794
9936
4604
148
4046
2003
3996
8615
9746
7222
5578
7044
6550
1599
4461
4806
782
3772
2901
5898
8039
6007
695
2759
7812
6607
5043
5849
7085
4652
8178
1695
8406
4145
1508
8338
3064
162
6383
2683
6335
3766
735
6294
3340
9392
9377
7239
5987
7587
8413
4424
5551
9605
82
5450
6184
2778
9987
7605
5289
1592
7841
6841
8184
291
6721
6139
7679
5194
8030
5301
3827
2170
6039
9683
8197
7991
4409
5071
6319
6885
10006
4859
3308
5584
6495
9095
5835
8136
2405
6473
2826
7313
6011
7257
8114
9327
8853
6347
7864
4448
4738
9612
9054
832
9251
6901
9814
9366
8442
2403
7684
8090
2866
9038
6134
7241
5295
6073
8792
5748
5003
3697
4373
4751
1315
2077
7949
7270
6313
7924
6512
6650
4096
1228
529
9812
4355
8978
7007
6261
3875
492
1651
5826
4438
431
9338
7066
2254
1350
6748
982
1166
1685
1865
2585
7956
3250
1654
2102
7633
2452
8694
770
7029
4941
1121
8749
3743
9988
5459
366
9928
4209
6665
316
6460
7502
4351
655
432
609
5740
9478
9954
9181
4812
8094
4232
8498
5319
5122
6821
885
8297
1526
2020
9097
4343
7498
8713
9883
429
2638
1516
6378
7371
592
3912
3873
8747
7184
1061
8193
9948
5090
5136
6684
4901
2994
6660
3791
8388
4958
9391
1316
8814
5463
5927
8575
2863
6370
6928
8143
8641
5179
8796
908
4304
1747
4499
5240
1786
3731
6790
3412
5598
5217
164
6097
6448
6459
535
917
6482
920
6225
7225
9999
3945
9189
6273
5344
3699
2215
6393
6510
1966
7474
7910
8292
8278
5007
7014
3718
1541
9096
4976
8918
4598
8768
9297
9731
5938
2042
6169
7899
6977
119
4205
55
8789
207
10046
4927
3926
5519
6626
9642
7003
6619
8649
3979
8982
487
10051
3633
10099
4244
693
3332
4885
9727
7660
7172
9548
1084
1124
9847
3216
8210
7641
6758
5780
5391
6664
3463
2879
2848
6314
2537
7570
5195
2072
9307
3700
2764
1629
7788
4341
7151
4078
7281
7651
9607
9368
9546
5574
1123
7491
8874
4079
8079
7275
9787
3850
4517
9364
7265
4523
4732
3493
7288
2862
3843
9564
3290
5355
1427
658
6221
2430
739
9045
1456
4493
6846
9434
1130
1908
7255
10034
7631
437
5715
5527
37
4843
3897
2681
1402
8284
6154
7024
3924
6642
4507
4772
5267
6307
4778
1330
1754
4694
1791
3961
6553
5249
8512
3862
7511
900
189
6390
5225
8959
4949
4273
9157
1251
3829
9312
6594
4964
1463
3773
852
5809
1041
8053
8291
5969
8780
2985
3801
1973
8948
9482
5619
2363
8850
7539
5365
4428
5330
8002
8733
1576
9690
4950
9068
26
8717
108
4131
3429
7166
691
1248
4975
8148
45
8147
8906
1214
4846
9459
5304
3105
4656
645
7926
242
7861
6541
10025
9545
9725
9588
4895
9819
1774
6652
4257
3470
6441
3754
9895
7015
7401
8014
4904
4715
6264
6480
4790
2676
8947
6875
2915
7955
3723
640
7508
8478
5283
9491
9944
9973
9736
3084
7799
1117
8556
5438
4069
2276
8999
7079
4807
3345
386
6360
9292
546
8735
7107
8273
8254
3792
7209
4132
1756
1205
9218
1896
8619
3931
1363
9086
10082
1859
5214
2636
5020
3871
6987
9362
1683
6838
8191
453
3837
4532
9306
9085
2857
9268
3309
6245
7638
6766
10069
2203
7584
7661
8455
8801
8242
2067
4190
7827
8740
9098
9989
9345
853
8628
3480
2328
3009
6749
5085
5171
3119
4363
8914
8822
5881
4293
3853
7412
8582
9940
6583
8901
8248
9231
7406
4610
933
4365
10057
2393
9026
3362
8954
2810
927
31
8443
8855
9300
4076
6094
5215
2631
1949
8265
9942
7484
3923
9415
6695
4185
2267
9315
9685
1710
7396
2869
1736
3459
1177
7731
1697
3882
5681
8591
7439
1008
7210
1983
4482
6719
8721
400
7870
8315
6327
3336
2035
6676
2306
8560
4378
7403
7806
9774
8563
10123
1247
733
384
6990
749
8854
4658
6277
10052
6732
2655
7594
3725
7925
6709
9432
7072
905
5475
8337
4161
2058
4951
1928
8767
6704
4357
10098
4554
9841
2064
7953
494
5433
9394
9750
7435
4847
5774
6771
5029
1423
6120
395
6520
2584
5886
2768
1783
4727
804
8920
5915
9785
5517
2291
5019
8401
4835
3115
9460
4724
4614
2682
6848
710
6070
1068
1858
6223
1234
8776
2456
6147
7957
6817
7620
464
8670
7585
7614
7009
657
2818
7195
8818
2344
5016
642
8189
1324
1882
2715
8334
2684
6718
935
6504
3925
3958
4974
7534
5981
6646
4922
7094
7345
1855
6864
5407
9119
8559
5628
5052
5465
8548
4144
1558
3852
4516
8904
5750
5494
4498
9232
2356
6573
2001
8863
5048
9904
1877
6690
5638
1898
6108
7130
9692
9867
2821
8824
8456
8367
6500
8490
7524
896
3485
433
9840
6442
7116
6815
8131
6564
9142
7165
7766
6608
3872
402
9505
9735
6440
10129
385
4670
7463
9448
7703
1960
5279
8791
8139
5639
8368
10114
7055
8225
6730
4137
1014
8585
5167
7407
1065
1025
113
2824
7674
9149
1266
7886
7390
846
3365
1024
3389
8803
5363
5103
3839
6710
4446
5956
6791
6354
4552
2564
2923
9796
1468
8868
1475
9492
6337
9311
9344
9430
2376
1931
4193
7430
823
1176
8000
5709
7960
3952
3877
2202
4797
9529
9179
2329
6271
4911
957
2232
132
4177
9970
5489
9208
2407
9282
3002
8207
7835
7514
7310
3960
3087
2158
6693
9129
6902
8221
8706
8026
1258
941
5630
8462
2414
5707
6539
9171
9355
9069
13
392
7146
5888
2390
509
7114
4264
1633
4522
6560
1912
2726
816
4435
6061
2000
5712
617
7940
5747
7783
7908
4182
2017
4635
1831
7769
5275
5241
7158
1313
6819
1052
474
5878
10073
7513
5925
7173
4673
5100
4832
8390
2993
4988
4125
4252
5731
5117
7920
3305
3883
8294
6915
4250
2277
9106
1086
9484
7915
3191
7402
7091
2921
5912
1062
1512
8167
1809
6938
7869
5325
4979
651
2692
6301
6380
5984
6957
9441
9161
5558
4198
9154
10068
8404
919
9436
6156
7190
502
7335
1934
2668
393
8552
3246
4133
3919
8988
4066
2499
7677
1265
8118
5216
4241
4767
1443
9919
4247
3341
5561
1589
3823
8695
4416
5189
8579
447
7664
8313
2850
6426
2207
4497
8839
4494
9212
9168
6919
6651
8815
6194
8771
7517
2289
2937
6255
1229
800
6481
3828
3587
6175
9728
5417
173
5078
7863
2858
2703
5051
7488
1440
9144
2757
8231
505
1499
2121
6996
754
2185
6899
7274
7995
7836
4667
7618
5244
5980
703
8198
2991
8027
9504
4450
7765
8017
268
7561
5389
5629
9147
4134
5201
9472
8299
5172
6866
6407
2607
7070
1992
7914
7308
8464
3156
4415
8764
8685
3807
1027
1331
8480
7092
4882
1630
6542
6350
4560
4473
8779
8650
8725
2737
6828
8658
4254
4905
7113
4067
4348
4739
5909
6505
1013
9172
7793
1165
1389
6464
1021
1009
1574
4692
9926
3790
8534
6519
6761
6276
552
4581
2776
5766
8836
5409
3069
4852
5593
153
6691
8784
5149
504
8358
7235
2798
4390
8305
9405
7494
455
2420
4733
4803
3967
114
3972
838
7671
7973
839
4500
4933
4299
2846
4791
5348
1970
6600
4888
5827
89
5383
8395
8286
9891
4338
875
8564
2617
9606
4281
9217
5413
9805
131
5493
5884
5324
1459
10017
6682
8447
4170
8008
1529
4808
2205
664
5870
3281
9245
5316
2765
252
654
9160
8453
8995
7108
3457
10049
5322
1193
6343
4142
9438
6675
4288
5600
5511
2429
8290
9693
9293
5353
10100
1886
787
6320
9335
8391
5453
9833
6367
4616
1212
7001
5972
7673
1004
9932
8925
5435
6789
7576
4696
6230
3760
7759
9263
1698
9652
6952
6216
9071
3686
6973
2604
7743
270
4454
4972
3113
6637
9935
736
8599
9632
7562
5237
3123
9551
54
5274
390
5857
1494
9015
4103
2675
1986
1923
6199
8096
9070
1603
632
6127
1101
3196
4462
4453
6531
6679
389
3729
7907
2512
7368
6421
4827
9291
8957
849
4699
7553
4624
8415
8345
8307
5272
5795
1894
9170
1744
7134
551
6172
9437
5696
8465
6499
3778
352
27
6237
9958
1053
2747
9114
714
1132
496
6115
9008
7279
7595
5064
6647
3331
9917
8042
8467
5351
5991
8860
9253
7245
322
9230
5788
8472
526
9346
9495
6148
785
23
1847
4173
7642
4084
4868
9900
3184
8187
5248
4893
9949
5332
7989
5806
6051
3252
3419
7550
3789
4535
8569
21
4788
3922
1642
3060
5971
8916
5467
9339
6832
8586
1626
7031
5685
6822
7598
6800
3817
6635
4881
7683
5026
4367
1092
1775
290
9221
827
9343
4946
364
6176
4126
3488
1962
4013
5976
7205
5994
867
6468
7816
3833
4314
3824
6009
612
6931
4644
5666
261
1693
9
6787
8994
10063
5690
6412
9000
6620
4736
8566
8219
6048
6739
4934
9978
341
8572
5662
188
7424
1868
165
4220
10
4437
6400
2219
3916
4283
9202
7621
7477
8842
2404
10000
7624
7879
9395
9094
6398
2686
10047
6076
550
4147
6852
1111
1419
8718
7776
15
97
9608
1851
5367
4404
4471
798
5350
5823
6772
9255
6291
5093
6716
8878
9050
3904
4353
602
1925
6584
5477
6978
4998
3908
9640
7580
10072
9118
2060
6080
475
5742
960
6312
5342
5571
5184
7850
544
10089
10080
774
9566
1941
6827
8468
4490
7425
8003
4563
3918
5764
4426
7039
8208
607
5773
6389
9595
6561
6488
9379
8461
1306
5829
8889
8589
1637
897
7609
4301
6669
5665
9256
1729
5227
818
2011
6423
7309
8222
7428
289
7088
4816
57
8974
5081
3998
5361
7526
3401
5147
5983
294
5379
5896
6603
6833
7592
4065
6975
7853
8639
2663
8317
81
5986
3777
3969
4068
8301
7981
2411
3039
7775
6959
7339
5290
6835
10128
7062
2749
669
5973
7324
8078
8604
6617
9496
958
813
6254
4711
6807
6167
9963
940
3226
9269
806
8316
3803
8449
5837
9862
9920
7427
5789
1873
7057
9341
5903
8730
796
4754
7566
5027
603
4016
8312
4333
2027
5499
8224
5580
2307
5084
6060
3300
4020
6265
7516
236
8251
7857
5218
4290
7531
4954
7080
6514
4483
3781
8765
9446
1953
134
5231
8135
944
5058
115
9378
8235
6747
5576
7921
6945
417
6900
180
2924
9474
396
5695
3804
287
10119
9169
5481
2400
593
4141
5246
8450
1869
3705
9629
7600
6498
5882
9249
9707
5813
7586
9982
722
4101
3977
203
326
8241
7890
9226
2160
6496
3744
9409
3213
4864
7287
8200
9444
7208
8672
6278
9621
9818
5406
4878
8539
8597
9141
7649
1844
10003
1002
7020
4223
4745
9938
3878
7742
9389
5060
6217
9694
9271
6062
2904
118
306
4213
3415
7312
7685
1909
1070
8499
1067
6593
5424
1425
1435
4452
6406
5889
10053
3030
4718
7647
8871
6644
4117
9489
1820
862
8279
4136
4222
7392
4557
9635
8951
4219
7192
8328
6113
7509
5797
7761
4668
8015
8862
882
7325
2053
3482
7231
1628
4211
8126
5871
5977
4823
4528
7545
5587
10093
7646
7648
4062
5865
7323
4876
9260
383
2505
6842
469
1020
7318
1120
4456
2837
6329
1232
4545
6814
2336
215
1593
1515
8576
8277
7224
9667
5605
1940
608
5767
8787
9258
2342
5744
520
7125
1194
4401
4556
1691
7565
4809
8707
4289
5317
5746
2149
403
911
921
9043
644
8905
6200
6483
5800
246
8058
4339
10055
4764
6158
9838
5997
7637
5803
1782
5873
8797
3783
5951
8300
7471
5617
3691
8626
8935
5608
6755
8882
4496
1761
11
7640
9310
6066
9187
3149
5470
7362
5401
7482
8245
4534
1087
4937
4896
5323
5073
7216
10127
8321
9360
7215
5476
9003
5056
571
3909
9380
2062
7296
7199
4648
9552
7591
4833
1995
9349
4491
8820
5611
5819
7342
4579
3299
9800
615
1005
8306
4973
4819
4908
159
7764
263
9036
2268
563
6014
4540
4201
4629
6067
9974
5913
6418
5952
4634
5364
6058
9737
595
3710
4467
4347
8004
7635
8610
7049
5877
6038
194
7720
10054
662
9090
9878
2118
3116
51
2880
4410
7543
9088
8689
4421
4723
2231
7021
1839
1542
6552
1236
4381
4488
1971
4269
6129
7789
7823
6601
4376
5549
5846
8876
18
4889
3397
1672
7589
4746
1572
9674
9638
1833
8934
542
4489
6290
5867
5566
6591
4793
5641
3418
8356
7450
9072
8657
672
53
4248
7221
5503
8166
452
767
7033
4286
1164
7236
5916
2859
8063
5261
8264
6673
3736
3887
1445
3765
9901
5282
1364
9602
5622
5745
6983
9570
6625
819
2279
6979
8547
3963
6131
8773
9817
6275
7135
6165
243
2755
218
7858
3893
8949
8890
5883
451
477
4730
240
5507
5591
4277
1183
7453
4418
1776
6461
4260
9102
6042
7900
8680
7084
8100
3395
1852
2287
9407
9998
1119
670
9087
6571
5133
5704
8726
9664
8778
6111
5729
5334
775
1749
4508
9943
6463
3881
7307
4263
9763
6095
723
381
1822
6706
1186
8327
5601
963
1001
1889
1881
5197
7238
9753
9115
5623
85
1921
4344
3195
4050
4408
9117
7050
4894
4312
1597
7452
2595
8149
3784
136
8393
9485
1259
6438
5466
4268
8283
4728
799
5392
6577
4596
5563
193
7871
80
4837
9323
9500
3885
6831
1196
5656
5943
3498
6357
7781
1104
6858
6970
5359
260
5440
2366
9469
4167
7462
8247
7831
1799
2399
8218
8194
6868
9937
8141
9384
4166
8040
1840
5737
8621
7928
4436
8754
7694
2972
9868
1871
8922
9182
8076
4883
7405
8352
5651
4831
8514
1131
5357
671
9481
128
3483
7885
5380
2725
217
5653
4463
1722
4372
7880
6008
1136
5738
8852
6341
8618
8424
6068
5582
5836
5298
4360
6146
6546
6487
3135
7302
7417
6226
6663
7314
7304
7522
1525
7139
5471
8473
1590
3951
10132
8282
610
8324
8359
183
6995
4237
10018
2666
10050
4981
7824
8752
9468
5209
1469
4387
8387
6133
6420
2015
2646
7846
223
39
4741
597
4292
9184
7212
8435
17
619
3930
4091
9941
4356
2987
4519
5533
4102
6214
7506
4799
6692
1340
7904
5924
9821
8099
8163
9247
7623
6234
7912
9771
6386
6449
6837
7636
3062
9470
9597
6328
4761
5242
559
3554
9533
4214
7370
3775
6016
8973
4364
74
8592
2736
7479
6705
3277
5644
6303
4138
6446
9654
6183
581
3937
9001
9650
600
7295
414
9133
1173
9626
1752
8091
8438
5163
4129
7334
9427
8170
9574
1033
8123
5776
4963
6332
5822
4308
8444
577
5910
6845
5292
5897
9576
3983
10110
7133
4313
10106
3267
2722
5069
7963
7472
10064
8849
3455
2961
7372
8007
3495
3981
5602
7259
4109
9284
9885
772
6554
8526
9673
4278
7986
9048
8827
1932
6287
6117
8688
8944
4350
4112
7878
5387
3856
8158
8598
5895
6114
325
133
8865
6215
8528
766
2738
7240
7626
6927
336
1612
9081
5343
5352
598
8911
7041
1767
3968
4114
9659
3831
9381
7583
584
7326
117
6997
7549
8693
8108
829
5271
7707
112
5128
83
1155
3944
1876
6892
9309
5646
9555
3007
4005
4189
7762
8921
6524
8192
4011
1770
174
6177
24
5547
7893
1474
5572
157
2625
5302
7505
9507
5018
7622
2341
9116
8828
354
3874
3962
4058
7278
6820
5992
6867
2312
5569
4795
7959
6960
7086
6121
541
5232
6671
144
6469
5568
9854
6236
7936
9463
1924
4407
5111
3753
7106
3910
3941
5378
8120
8553
8495
634
2046
6803
815
1034
3526
2709
534
724
9188
5452
5168
6777
1064
8833
9850
7629
9198
244
1887
6414
10120
7977
7322
3714
140
8423
8018
10071
8055
2830
420
8239
3068
3942
6006
8663
8653
2195
4337
6618
3568
3194
2266
2364
7223
1688
1841
4041
2018
3728
6189
5140
9772
8605
196
7046
6012
9645
4813
9766
1225
2507
4663
8496
6365
4197
7822
8089
5381
8060
1481
1531
8977
1948
2221
6775
6843
8049
5590
9993
5962
2007
3863
9641
9435
9383
5460
5845
6898
5515
5083
9809
5905
1976
8162
435
6518
6844
2731
248
2410
901
9414
5564
4821
6929
9656
649
5545
468
4449
8012
5050
2664
9337
279
9296
8630
5963
773
7047
6475
3746
6982
4179
4183
1821
9185
6224
1325
8425
2484
7967
9662
2258
7229
3905
9755
2898
9994
9298
676
3812
5609
2780
7202
6260
4476
7454
5005
2305
9542
8403
9032
4931
5860
7382
5112
4944
1187
5177
4503
2091
9330
5859
4245
8085
8722
6731
3742
2667
682
4710
9594
470
2671
6238
10045
3428
6458
9132
2885
9016
2697
4621
638
2845
6812
93
2800
536
2244
1233
7840
788
3970
5824
5091
7662
8082
3694
1441
5876
9852
8744
3038
8697
3562
5152
2611
95
1447
5799
5265
5831
1870
5023
9822
4284
7797
6262
449
6364
7772
41
4713
7467
7460
8044
9780
817
9816
6476
7253
9010
5129
4690
9863
8009
7043
9902
8389
8614
4031
5337
9848
8900
2877
9702
1242
4175
9243
78
1790
6318
9967
1657
6649
8783
4651
1763
688
3503
7155
7597
5843
1135
8981
9676
6752
8140
6025
4839
2841
6196
5228
8646
12
6410
5454
1470
6715
9665
5885
5478
8402
1553
7476
4451
4872
6796
6677
5376
5633
2629
2913
7687
7527
6776
6093
3899
2479
8677
6218
3735
5879
9610
397
8875
2781
3966
2542
9289
5088
3975
7353
7366
4947
6
1308
8991
811
3737
262
8072
5188
616
5305
5739
7604
9571
1635
7962
4087
7504
553
7027
5726
3175
2968
6834
2888
9826
9413
2022
8020
7746
7422
877
2434
10126
8525
7865
3711
4335
5782
9229
9112
5934
753
7128
5506
4118
7934
7537
3920
8587
7837
3798
8846
5313
4959
6119
2386
5850
298
2177
922
305
6454
6513
622
2620
874
5080
9037
5175
7036
6884
7510
9888
6533
5326
5181
6587
3307
7060
5436
9634
7588
7669
280
6971
4262
5404
4870
10001
2970
5759
6883
8952
230
5855
6452
6798
8533
6659
411
8121
3231
8150
9744
4960
7802
1298
6742
6233
99
4636
5443
864
4856
1836
5989
10116
4707
6528
3500
7138
6143
4307
2378
5430
10059
6763
7520
8176
7298
5947
3894
629
4906
2
4660
9174
5394
3822
8993
6168
4008
9569
5498
814
6859
614
7213
8365
7710
141
8817
8557
5273
1432
9228
6701
9537
9449
4253
2605
3857
4822
4659
7077
7147
8734
7734
4603
4152
4090
3876
7219
4709
5864
9286
4196
7096
9866
10092
4971
3889
7251
10134
8937
6086
4255
1167
8
303
344
4820
1060
7468
2804
9502
9178
4180
9333
696
3956
9301
8275
4849
9759
271
6010
5955
9699
351
6054
1560
9146
2916
9354
4900
9778
3709
2009
8723
6527
2680
2347
5469
6632
4755
7946
10113
4294
8769
116
2930
9062
10004
8864
2795
4957
5852
8662
4037
648
10031
4697
6366
3999
4588
5890
2349
7952
1968
899
5211
1000
4666
2265
6474
4880
8409
7672
6631
4004
1902
2914
5525
9385
9416
3400
424
5893
4565
3108
10081
5603
4842
6396
6794
8331
3130
7832
9646
5722
8029
10062
1224
9520
5270
5700
3974
6563
9331
2031
4320
1401
6030
4119
7233
3788
9124
1946
4413
2875
1403
7544
7768
625
6297
8748
8886
9108
8558
5256
3150
6672
4758
7431
3978
3265
4440
7367
9799
8541
6358
5309
7247
8064
8538
9209
9047
2229
2713
8065
7012
1624
7993
7615
3160
9270
38
2751
5239
6098
8829
2517
967
9279
1664
2652
2120
6734
2610
2373
5257
1832
9689
966
6802
3454
9490
273
8491
3472
2025
5200
9237
3142
744
7740
2208
8629
1945
4009
9898
7475
5193
10036
6862
5021
2745
3934
3032
6595
8119
6310
3848
7008
6021
5099
5266
4311
2694
3903
8953
6696
4569
5691
8398
4513
3228
9672
6182
6497
611
6586
3223
9709
5328
6961
1154
1471
4854
6670
6477
5004
8867
3278
5970
5526
4879
1322
4601
4639
7881
5559
1138
8903
6269
8588
7922
7074
4804
6377
6492
8185
2225
8209
6178
7689
932
821
4246
382
5372
9018
8856
347
3902
5408
5899
6823
5235
778
2870
5821
335
9679
9417
3406
7842
7389
8527
7408
7653
5035
3591
9959
8320
9079
9829
6941
6251
2360
9601
4942
9765
5124
1102
5354
5281
1812
1696
2369
9445
5411
368
1884
8269
1223
3048
8244
1148
887
7782
3008
6511
7784
6697
1304
9053
2853
9186
348
62
4235
9236
2380
1517
9332
6717
9776
801
3497
4620
3337
4153
3589
6415
2362
9730
8405
5108
3680
7770
6050
9014
8110
5101
6369
4295
4334
8427
5077
7902
6503
9029
9074
2714
5902
3343
8933
4210
6316
3886
7410
9248
3218
6567
1959
5945
1051
5694
251
8171
1804
3245
6286
1757
4116
7515
8384
637
4001
190
4735
4752
1180
2153
870
797
2539
2502
1705
631
8411
5975
7663
2212
10061
1278
1048
7931
8753
6106
4892
8326
10084
7533
4044
2894
8940
6667
3748
9205
5698
4388
6733
9511
5202
7262
7059
8942
7974
9526
6239
9261
467
7469
9509
4984
777
10019
9703
3764
6371
43
6508
6984
9042
6666
837
1872
7381
7735
6185
3411
5650
3200
9423
1128
8861
1864
5143
9207
1984
5104
8484
5669
323
1725
5536
9995
3672
2724
7175
7470
5958
4862
1918
4163
3888
6768
4599
5374
6913
9400
6493
4929
9453
3125
6024
9320
8470
7927
1891
9283
761
7283
8399
1755
19
4291
20
7650
5872
3712
7753
4130
2633
3469
8686
1842
3346
8183
7845
7997
5297
5008
4766
8459
5802
4399
8046
4743
5173
5648
405
8702
1483
9757
1482
4561
668
4991
3037
916
2109
9855
3787
3473
9388
6088
9457
4510
4683
4049
2523
6428
9084
6614
8500
6545
7616
5148
8879
4549
9572
8760
8061
6516
6538
5990
5887
1189
6430
5437
1184
794
6065
1732
5224
4996
4135
705
7820
5371
6252
5160
5037
225
7625
6429
4427
2882
8896
3805
2596
479
9418
8160
7490
5785
4891
3971
7530
1088
8917
3585
6750
2032
8885
5555
4520
10075
7478
7459
5636
7971
6668
6445
9966
9760
2750
5777
10136
1113
7574
5588
1814
5565
1623
8505
3989
4300
5396
5183
5230
3590
5118
1430
4840
9965
9924
4703
9899
7874
1830
3879
1495
7171
5159
2056
6375
483
8593
9697
8912
2946
8238
5801
790
5024
3186
3955
9152
5804
7144
6643
9745
1032
5221
4036
8837
6338
3895
7103
7606
4919
8522
3109
1570
6044
1687
1011
334
10032
8396
4422
538
4055
7336
7800
3540
4234
6491
8432
8045
3685
7294
8655
6999
8645
8750
6206
628
8011
9913
8463
9319
1548
2981
8568
7004
636
2779
5106
5377
5616
7377
4679
10037
3376
2639
1103
7256
7157
2409
3320
9164
1933
764
6795
5385
8311
2465
2593
5919
771
1003
9698
5384
3489
2137
5520
4455
1595
8644
6621
4953
146
8093
5554
6917
8159
2954
7838
5444
7413
8907
5758
1922
6759
5949
1428
8549
1682
4541
2832
6071
9498
5979
9930
8775
9065
333
1077
7556
5066
3730
6356
6136
5901
9726
439
4225
2370
7905
6778
5418
8417
9486
8381
2248
7090
5307
1152
9619
3136
6141
4731
6840
491
9204
2352
6654
463
4825
9073
10107
1217
7747
3539
2481
7320
7627
9177
9387
992
8624
2055
2899
6296
3703
10086
4917
6302
3293
5142
8523
970
9134
7693
5866
510
3546
3845
1202
1866
7919
8355
8902
6002
7207
7859
4586
1059
5483
4267
7228
2382
7311
8195
1680
4336
8781
3061
7644
5988
330
6304
1920
674
9915
1951
7466
4606
626
4088
7815
6023
5702
9807
9190
1549
2569
697
8458
6321
857
2008
1673
7180
8421
2872
10090
6529
3717
6967
5508
7856
6355
3734
7825
6227
2689
8590
2919
4729
1514
7285
7546
4099
10014
7998
6991
5689
4781
314
1702
3357
5420
5869
1143
9669
9051
7145
3864
7507
5757
1157
5318
7512
1975
954
8941
4982
6857
2990
6401
3947
58
4619
8554
7541
4993
9523
7733
9851
6145
2275
5031
7319
4148
10079
2325
8344
2687
9287
3980
7757
7436
8054
1604
2833
372
5397
5370
4075
2643
3478
6969
7316
711
3768
1766
6242
988
7191
9461
277
9166
9815
8457
408
9531
4033
4575
9006
6253
4678
7234
8633
4583
5632
9390
3679
4815
4479
859
4423
8164
324
1769
8177
9795
7728
4370
9203
1444
1192
4054
2396
6933
7495
2957
3755
8741
4890
4385
5170
7655
413
7258
5621
421
4539
9058
3288
9579
7347
6019
1500
7612
7359
1472
6674
3722
7250
6163
6490
9691
4961
1845
7419
5814
9200
6494
6936
6164
1796
5663
9663
462
757
5402
4374
8705
5040
9853
5356
2012
5346
7111
6634
7698
5212
4685
329
415
187
743
7198
9359
9109
388
5278
339
2708
5772
9625
7999
9981
2256
721
5761
9061
2323
6877
8830
9790
7500
4785
1256
7292
3268
9592
8031
5518
6610
7351
4591
1222
4875
3946
9986
5123
9767
6698
7291
5749
1890
4531
8961
6112
5575
9365
9581
3291
1862
3366
6212
7303
576
4420
5347
3163
5904
9304
4115
9518
7456
2647
2763
269
1926
5191
9501
9527
4053
621
6267
7714
9151
4983
5131
751
8383
5223
9033
2048
3239
783
4419
1734
8475
9876
5162
1762
2379
8335
3842
5724
1076
5615
923
4615
4010
9322
7330
7774
9864
3114
2358
6089
2785
6874
8537
8881
3846
5996
5156
8451
5252
6241
7519
781
5393
599
1798
4765
847
4165
2674
8960
5341
1643
4798
8656
2942
2453
9173
4296
868
1215
3148
2705
7056
247
3671
7529
5818
4221
4431
4346
6963
1929
6615
87
3475
555
8240
2699
4259
7169
7445
7563
9921
5718
296
6138
2395
4533
8913
3860
292
6353
8497
7201
5161
9749
9066
1631
4466
7911
1952
5369
5680
6256
10087
7656
7970
10038
2962
1465
9235
9197
7794
6202
4986
713
6028
5286
7376
947
3247
90
127
2575
6940
4714
5312
8132
9687
10115
6725
7174
5009
8416
4886
7267
9599
768
9887
8690
2098
5672
9933
2622
5825
6653
9628
9104
2566
8439
5192
9497
7186
8583
4106
5482
2698
2525
6555
8318
9732
9577
7354
7948
9803
5816
9206
8057
1221
1808
8757
4538
356
7117
6804
6756
3669
962
6958
8303
8165
9321
7022
3001
8712
989
9356
2819
5929
3449
1255
7374
46
4939
360
5190
8494
8910
9670
8366
4098
3012
6873
6249
8296
3681
9369
9568
4559
8600
8711
1458
948
3984
5851
3319
7876
6045
72
4105
5158
4176
3786
3957
1634
2748
10121
4266
1792
4035
5613
7346
9126
2754
9353
7142
6918
566
2838
7300
5400
8133
4779
2836
7688
7243
5920
8945
7178
3287
3808
2868
4026
5262
5626
7771
8236
3724
6860
1518
5082
3762
7282
4127
2645
3056
8043
4085
861
9547
9972
9560
6576
9961
2361
7442
9836
4980
4830
4684
4022
9657
2980
5854
8339
6543
2151
1954
3586
2865
4212
5727
4439
7819
10041
4529
7187
8756
4884
2350
4282
5765
6333
7884
9661
6605
1850
4910
1360
6005
6259
9328
6689
8169
5333
9455
6566
6465
407
8651
7409
7888
1497
8364
3849
3692
6295
8612
281
6187
4217
8976
5686
1028
3146
2214
241
9493
791
3785
3719
5072
4441
9213
6509
2741
5186
8602
6346
531
4121
8811
6746
659
2656
7521
5725
6235
3800
6279
5461
5523
6849
10044
7796
6055
5763
6210
373
2412
9076
9541
6387
4623
4836
5041
7525
9317
443
8857
3670
8770
8436
8625
5447
8616
708
7988
4650
7935
7944
5311
543
5497
1460
1650
8186
8103
4093
8226
2677
3861
2332
6203
3092
4100
1056
8075
10102
4865
9820
7246
7290
4317
8532
6905
830
8115
2947
9210
2988
6434
1861
1565
6036
6362
7284
1
7547
9793
9063
9892
3821
1328
4553
4717
666
6735
4224
9528
416
3085
6274
6151
1066
998
557
2707
2855
5062
6581
1854
9585
8800
5105
9806
4297
10095
9130
5684
8746
7854
8543
147
1617
9871
2174
5923
7686
9587
4874
9041
5358
5637
5743
5063
5259
8664
1846
3976
8696
5446
9562
9823
1700
9873
88
9281
8802
6738
4383
784
56
9797
5086
8684
1075
6457
9705
1218
4199
7082
7211
9976
10008
3898
9201
7777
6000
8050
7706
4032
4272
2383
8223
8314
2973
6425
7398
5115
9214
8293
5736
4948
7042
8130
5642
7400
6713
2131
8520
328
9510
6298
8507
7996
3086
5723
69
2459
9308
8081
5375
7536
8033
2469
6451
924
4086
6244
4384
802
2167
6308
9611
5472
5280
9748
589
5198
789
9027
6161
7749
758
6174
8298
4643
588
9613
1981
9183
7170
5660
5427
5087
1958
7154
1250
6207
6548
9138
5918
6962
9195
9056
5510
9241
10023
493
9773
9155
1057
7657
2213
4465
3751
8608
6315
915
9561
377
4322
4216
683
1797
4506
3708
9890
253
9651
1046
4848
5258
285
709
6966
8408
6431
7868
8825
8036
7120
1998
4074
9784
3399
567
8635
6801
9257
8763
5089
3855
1524
6627
9034
6893
7393
5728
6826
4162
8504
7227
5153
4600
4382
769
7532
4007
6685
5936
3825
4824
3063
8233
8511
48
8287
1645
7073
503
7758
6285
8728
5336
5579
10104
8035
9370
10076
6188
1805
9374
7217
879
3368
8813
7485
582
4472
8062
2243
6391
977
1853
63
6126
2422
4481
7159
6160
4757
4400
1875
964
213
3423
7081
5398
9250
10007
4994
5957
3427
2624
1040
3481
1451
4475
1134
6818
47
1023
5226
786
6923
1160
7200
8642
6932
8322
110
4164
9191
2104
4867
7167
7564
3099
8482
129
6813
9931
9514
5199
4432
8502
840
3193
1226
9813
7018
2468
3836
5137
9064
8660
10078
8220
6908
5612
8840
7667
4907
2771
4468
4844
2774
3707
501
1939
5908
4597
8362
498
5790
4609
7252
925
5075
7748
7582
3806
8410
2955
8859
9567
5145
3486
5735
6399
4524
3769
9742
489
2690
2895
2871
8400
7360
1240
7483
8361
8022
9975
8466
8250
3740
4396
604
6872
9404
4156
444
914
4023
9589
9623
5187
5403
310
3796
6638
7141
945
6124
9539
6641
5522
6764
8310
1594
4965
9465
9929
8350
5448
8493
6450
5006
1937
9040
8831
8429
4608
890
9451
2082
7053
5659
7104
9052
7599
9955
2036
7578
3701
1620
9148
6891
7617
7705
7416
7773
8073
5464
7829
3306
4571
440
6173
473
9303
3738
2006
9911
7678
7331
8751
5553
6123
10060
6331
2616
9969
3834
9897
5423
2922
6342
9695
4154
8109
1867
8826
3913
8325
7118
5844
3251
4962
6326
9424
5721
5495
4826
8584
9825
5178
9220
182
9421
1709
9406
5492
1690
5434
1914
4645
4477
227
7814
4302
4000
6232
6540
5940
8843
1179
3297
4686
4794
1956
5135
6925
965
9165
2893
7723
4045
1144
5196
4675
4386
5306
3360
9428
9466
2047
5771
4157
1452
533
7197
7676
8931
9660
8774
9556
3921
6263
8351
5456
9002
6388
8255
707
7176
3071
5620
6170
1539
10024
8485
7434
4689
434
6639
454
1993
4359
750
1895
9215
1903
8134
5419
161
4111
4936
2322
7388
7739
9120
8524
2111
8034
9299
5335
1227
7203
5779
2928
4775
8434
3774
4923
5340
7780
4352
2365
2295
9004
9637
7264
42
8578
9039
8343
9278
1807
1803
1980
6099
8823
4786
9313
6166
9934
7779
9658
500
2662
6397
4249
681
4989
8529
497
5139
1446
6579
1811
5092
4932
8866
4566
258
9775
8924
6616
8519
7552
8609
6871
8577
2649
9580
5922
8006
1800
8555
4611
1773
5033
6033
5863
792
9752
9403
6107
6943
2222
8926
105
9616
5388
5458
6004
5716
9633
7332
605
5597
4955
64
3851
3932
9244
9879
8086
5796
6950
9677
1997
7063
1178
8330
8665
7433
7429
1823
8601
9471
7143
8386
3349
8407
7493
6850
6325
7901
4722
7941
4555
9025
4015
4226
8637
6741
1342
7272
2732
9951
8729
2982
2377
5842
8067
8481
6536
5614
4227
4207
5595
235
4002
9708
8129
3797
949
10125
3761
5039
6612
8847
4818
6549
5174
375
2661
9285
8987
6029
6855
8019
6268
4047
7909
572
9483
5032
1484
7611
6395
59
7645
4618
2679
3698
8080
6920
2440
9431
7148
4279
2632
9741
9325
2864
9680
482
7068
8709
653
2669
2498
1621
7945
1081
9262
6829
8607
4502
6408
6027
4230
8102
1667
9057
245
5074
387
6026
4903
3302
367
8437
2839
6003
6896
8679
5238
7127
6976
4630
7232
4092
3779
1817
9288
7951
5537
4744
1537
4412
759
4857
4669
2753
3992
6197
4800
5734
7414
4038
3363
4459
7559
5208
8551
8675
2040
6760
6994
6090
6372
8422
727
297
9192
5808
9762
9223
8059
5674
10117
177
1326
5096
4737
2654
9101
4203
1320
4576
9139
9596
3870
2288
2931
7763
997
6363
6951
7805
4682
4195
4061
7939
8946
6623
3464
8066
3880
8654
9950
4672
4969
4811
5000
8243
6109
3684
9870
8930
3911
7136
7848
726
7340
5061
130
7555
5892
974
511
2388
3067
4693
5618
5805
9396
8540
337
160
4332
423
3070
9971
594
5676
6368
5516
8333
7447
5907
7321
7732
1965
6714
3137
6808
7994
7025
4734
4861
4405
171
7745
107
7847
8105
6462
7017
7097
1543
652
9324
5982
5250
1477
8788
8025
8098
2628
8687
5169
2960
9238
4997
2897
7752
4622
4206
7567
4567
545
6144
7327
9242
340
8227
9896
6293
2140
5146
4858
9024
1450
8794
1204
7804
436
4158
2510
2786
7420
6645
1203
1434
9009
4271
6597
7577
3583
6305
950
8544
9357
5234
7721
9153
6489
3453
8289
8488
6351
878
466
689
371
9342
5751
2320
3682
4817
3900
5001
5130
1449
6836
7271
3915
8929
5360
4168
5768
2186
7333
10122
4632
4495
1254
7378
315
2984
6063
8669
3238
979
3695
6348
9433
1270
6128
7297
9922
3674
8196
7877
7708
6502
6017
9842
1587
6889
8804
3732
1442
5294
5833
7987
8510
8394
4019
7930
320
5288
2825
6582
4592
7682
795
9143
6562
7137
3100
6180
2619
7426
6572
8097
6384
7680
10109
5682
8643
2317
976
7204
4236
5787
2570
9361
8217
361
1504
747
9684
7369
8536
10085
9985
7813
7464
742
8229
7704
8883
9386
4113
7129
2028
5176
1035
3935
1506
476
8419
3206
4725
1127
2050
7365
7568
6779
8483
680
309
6613
4695
1198
5138
359
9990
6968
5054
8661
9099
2929
2840
1174
6770
4349
7979
7206
5778
6886
4059
9558
7709
427
9467
1606
9199
1911
7098
3173
6001
7666
6193
9167
5834
5524
718
9837
7385
10066
3985
2903
4687
7087
7248
29
2995
4547
5643
4303
7315
7889
3255
9517
3770
1453
6522
7122
1955
3081
10016
7809
3584
4897
6811
4321
1969
4331
1892
2854
7726
6416
9350
5708
8535
5014
6588
5502
338
7397
9358
8844
1170
7730
8249
6047
6069
4753
2672
9049
3214
9180
5373
8550
2168
9503
1513
6043
4285
5512
6781
6046
8215
8088
2944
3995
8692
2890
1828
725
7032
304
9294
3484
2813
6419
4229
9280
8809
6385
7756
9754
3726
4770
10070
7329
5714
2085
5245
2079
7387
6988
4655
5
6405
6334
1888
10030
9668
3713
4918
9193
6190
5068
9918
1125
1078
5793
8986
9487
6954
3965
630
3301
6299
6589
6034
8157
2948
5490
569
858
6708
8761
5505
1686
805
4403
4071
9997
9688
2910
6082
1538
4595
1848
4509
7785
1511
8122
1473
4851
6956
4558
3321
7019
442
8199
7628
8704
4014
7968
5965
2480
234
9584
1085
350
2696
4642
7918
8719
4361
6018
7737
9125
1771
9371
6914
7632
5673
4774
4397
1175
2226
2189
1509
4319
690
9013
6330
4275
1670
7891
8116
299
2152
7569
302
8716
7437
1190
6074
5841
9598
9647
7266
8955
60
6655
4191
139
7196
990
5277
8412
8309
10027
3462
2425
6104
7579
4326
8745
7882
7826
7214
7571
7573
9983
2375
9769
6611
6909
5414
6171
537
5484
4082
8678
1999
4543
8845
8567
9464
9426
9273
3745
456
5151
8111
7866
4921
3198
346
5299
7168
907
446
4564
4787
5880
665
7849
4526
311
7075
8353
8288
6636
7421
3132
984
1108
9530
7121
579
3237
4654
2963
7601
7361
3328
9516
9107
1666
3752
6266
9276
4478
5535
5011
3949
4327
9439
8492
6020
1649
6092
293
5552
532
7492
4204
239
358
9923
2462
4704
1294
5546
1636
1387
5657
9811
5431
1885
7887
9121
4838
8418
1055
6125
5697
428
7501
8777
5599
7852
4097
3869
6856
6955
8263
3795
7695
10111
8632
4469
8230
1438
10048
6466
4698
8125
2068
8206
4577
4873
1815
6159
6052
10020
2413
4789
6964
9723
7035
3907
9738
8980
6078
8623
4938
943
485
3066
7932
5640
5445
9443
4562
633
8936
4442
4306
9960
2454
1699
9158
4902
1126
6544
3249
4414
7724
7418
6213
4187
7760
4877
8832
8268
1780
6924
2959
1172
9162
9277
1466
9563
6422
6937
3338
5917
1795
345
8786
9028
5874
6810
6455
7801
4379
765
677
5308
1461
5291
2952
7701
4505
5269
906
1989
7076
6737
5634
8790
4712
332
8471
10043
4012
3128
8232
8124
4691
5045
5862
6087
6472
6057
1527
1837
4742
1789
5995
888
3458
9947
2159
1819
3010
9442
6091
10009
7338
3815
369
7006
8266
4909
1145
8701
4625
5783
3451
9401
6993
6444
7966
1140
4484
5784
4124
9410
8546
9945
3715
9264
7115
7299
808
5116
4485
1950
7273
8762
8627
8151
9265
7465
5710
3811
8137
6037
28
5683
5067
1043
7860
1748
9831
3333
6096
549
8736
9419
4178
7438
6602
6878
5538
2005
8659
8323
391
9865
8340
2989
9326
9609
4899
4952
4287
7444
8755
7917
687
8474
5220
6064
760
3739
5474
2261
2986
8970
793
561
7916
1246
8175
9454
3266
8153
5268
4060
9789
4140
4748
641
9617
4354
6309
5577
826
2892
6575
3814
2010
5647
3927
5627
1930
186
7013
4369
6467
2600
3364
8161
9267
675
8731
8127
8145
9077
7337
2416
3917
841
6906
7
3973
4607
9135
3027
1816
6989
1605
9336
2642
3954
9480
4646
7132
7188
7867
121
8873
2717
6162
1321
7100
2592
8428
3286
4474
6592
5017
9092
422
3276
2343
9411
8668
8281
40
10021
3720
8392
8996
7038
6985
3988
7481
686
2806
6629
8138
6556
6532
4316
2038
5339
9881
5303
539
4391
9499
6934
618
1249
7218
1982
8357
5141
4073
8509
4633
7654
5812
5120
702
7982
9429
9875
2752
2113
6765
9450
1753
646
1237
4018
9017
7839
3810
126
3959
8285
9869
9089
5678
5730
8759
6590
5428
7352
1910
4395
1586
2134
4081
6723
8354
156
10067
9779
8023
4486
6179
10011
7160
6702
928
3138
1883
3393
969
4487
5028
1257
873
1185
7843
3369
4329
9196
9590
8674
7179
109
3696
5540
1457
994
9644
9786
6470
7725
9956
8561
5421
8112
3693
4641
7821
4544
9575
8246
2433
6882
1919
719
6805
6786
6740
6379
2049
7379
4325
5944
5513
5310
8634
7065
5479
7446
312
6633
438
7741
4968
5557
9655
4518
7807
6657
8380
9412
7937
4845
8257
5079
9373
472
10083
7713
2432
5930
7489
4231
5791
6861
2659
779
6788
4708
9334
6557
3758
6904
406
1843
5166
3018
7607
3820
4776
623
730
1031
4077
2492
2066
590
9733
7808
1007
8295
3990
6903
7810
1295
6965
1874
9756
5649
5501
746
2719
6700
3492
3840
8016
3673
9137
5961
3813
2345
9984
5098
5053
4898
6910
4977
3035
3991
5386
9845
9706
7123
8414
6272
2823
2197
2827
8024
2891
3356
9021
5760
7164
7681
4674
4829
401
8260
8983
3749
9925
3993
6916
4366
4626
5548
8152
9367
7263
4122
7675
4104
2057
9675
3372
4238
6155
7384
1129
7990
4750
7619
9910
318
7696
1006
6688
4458
300
8385
6079
7194
8348
1467
231
8104
2002
7754
7261
6040
9991
9103
7350
8530
3392
8262
104
996
6854
7083
1996
10028
4928
4573
10033
1991
9557
9535
8872
266
7399
2867
8332
6881
409
6830
2194
8739
8146
606
7189
1122
8204
1464
2220
7415
9882
5635
9494
1596
9792
4688
4628
9140
3727
2621
6526
2783
7697
3487
6656
2602
5900
2723
9100
4999
6598
7608
6980
661
5687
5329
343
282
7301
4174
9393
5247
7457
8329
6506
8816
9044
699
5044
5509
5532
5853
4218
6853
9254
7596
7538
6793
6209
9758
6751
5645
8992
9860
4504
1963
9620
4318
9023
7844
973
8032
6317
3361
9375
5706
8611
4215
430
8821
5487
6894
3
4721
6361
844
5022
3841
5978
8671
8070
3950
3901
5583
2792
6944
9536
8446
3884
5529
7897
7558
169
748
1610
5368
4080
8037
2093
1038
8807
4460
10010
3747
3994
5786
6949
4967
7602
8742
1979
1169
6282
9479
2004
7750
9295
3716
1745
1049
5422
6077
6753
5442
8915
8304
5562
3702
667
1530
7109
6311
6824
5838
4801
7149
10026
170
5811
6439
6922
7048
7071
1252
1784
4613
272
3844
3943
6769
6926
1239
9122
1454
6806
6568
4393
2470
6986
1947
8001
98
8573
5891
7112
4546
7542
7751
9020
7028
4233
10015
5094
2706
7755
1935
3678
9123
7404
6382
3224
9252
6686
8087
10096
5974
5928
9979
1659
2851
3243
10112
5210
4589
4380
418
8253
8181
8508
8613
6897
5047
8606
3866
2182
9843
5132
5926
6757
7692
5429
4457
1063
4447
4063
5514
4749
3987
1327
627
5076
4970
2495
9761
1058
3461
8144
8379
3139
5496
7269
1433
9743
7896
445
8570
3835
7892
2648
4796
7451
7153
9962
4572
4274
8517
9512
9630
8998
7140
1487
2822
9798
4768
6797
9194
3802
2381
9615
478
216
2789
9476
4887
9808
7875
5868
712
585
4368
9877
2516
3891
3435
9059
138
6699
6443
6720
4780
4265
931
4792
1213
1990
2599
4762
8101
6081
4834
5222
1241
1985
8142
1114
848
2491
2427
4853
2536
100
8562
9751
7551
8501
6911
3177
2175
5664
229
5070
1496
7461
4017
9348
5894
6392
4052
6435
8476
9372
6336
918
6799
6501
6596
4945
660
349
1758
1209
4985
9488
6870
6228
7613
2392
9830
6340
9091
7011
145
5581
4514
6324
5300
6373
7078
6744
9219
8056
8932
8681
7523
7249
4593
9627
568
8851
8095
7277
7795
9834
1094
224
4653
6300
685
1431
9515
4940
5457
3499
3809
5485
5585
5699
120
1100
7131
8213
1863
6703
7499
7834
4039
228
556
9007
934
7373
1759
3386
9964
8834
6661
7976
745
4935
4256
9624
8270
9075
3982
410
4814
9534
5911
5126
3706
7984
912
7355
8077
5769
9067
7652
8211
425
1900
6284
2918
2951
3933
3868
1779
8956
812
8698
9912
9996
8068
8979
8173
6785
7306
1421
9600
2718
6935
5999
1938
1485
10108
5550
5840
5180
254
9861
8581
5530
5345
6559
4200
9578
7276
9216
1420
96
101
5954
9582
308
4239
9946
9272
5810
9524
1893
8469
488
6972
4443
450
580
9893
4171
8808
1829
6724
8877
486
8172
6041
871
1838
971
5820
4464
7411
1611
1047
4188
9240
7305
4702
678
843
2790
4647
7790
2742
1235
5610
6456
7341
3024
6432
158
6792
7161
9770
7423
3303
9565
25
1016
9506
7950
9844
4920
9131
7152
1701
3438
10097
9136
4305
7738
8430
5762
4095
9475
4151
9827
2449
8349
4810
4411
8047
9872
1568
143
6707
5254
2700
1182
8795
2181
4298
1099
8870
5219
1880
972
9462
8574
9957
9953
6774
8647
9211
9544
6681
8782
5327
4719
9678
7658
6022
6687
7163
523
4665
898
2478
7639
7590
4700
7943
1827
2843
9111
7778
6946
8810
1260
3013
4261
4172
284
5315
7548
3374
4186
10056
9622
8083
2249
6447
5439
5679
7894
3859
3799
7610
5848
4863
9636
1684
5449
5573
9980
2902
656
8028
4324
9729
6270
7906
5624
2385
4631
8182
4783
4362
4184
7528
9363
9649
3890
2834
5604
1765
9030
6035
7496
1181
3323
1764
5113
1080
9128
168
8743
2849
983
6153
7150
4769
6535
7432
7005
9318
102
4992
5097
4701
9788
5025
5755
7386
7978
4315
3057
5541
9554
9150
9714
8884
9316
8202
7040
9802
6149
4342
6049
6574
4430
955
1562
6031
5206
8895
9894
834
2419
5654
2239
5670
8691
5314
6201
5382
6658
6257
4759
6569
8363
5320
6711
5042
8667
6839
9522
6890
9874
8666
4926
2603
4048
8441
6628
3763
7124
7851
6743
1171
283
1436
6580
9456
5185
9927
7156
5488
8048
214
986
5057
8997
2953
8107
6306
3452
7964
6471
9550
9233
6662
103
4089
6745
6728
4570
1609
9399
5675
9618
1810
7045
5114
7980
8092
706
3023
6248
3370
9801
1778
7349
639
2917
4192
370
4025
624
2384
9631
9903
9696
946
238
2640
6558
3938
8732
9046
5817
7634
1261
2653
3780
4550
9747
5012
851
1615
2743
8638
10130
4855
5932
8897
9614
7719
5486
4578
4706
3867
5432
7872
1964
8571
9791
4392
4612
4617
7030
7965
7983
7220
583
5455
2720
3465
5134
7058
4705
6782
3279
7061
5668
3065
5157
7787
7833
8069
5671
6485
2702
9603
7715
7293
3471
694
6809
728
7101
7110
6578
4784
8596
7441
4
10103
5941
2044
5110
4649
9019
6754
3474
4676
8052
3771
3953
3298
8440
8880
8426
9176
5338
8766
9246
9916
124
4021
7798
10022
7665
5847
5263
8958
6240
7328
8516
3410
9906
7744
2728
6484
3588
6198
6907
3948
8652
3129
2394
8938
9145
5390
4756
1608
5542
9839
2340
6888
4681
163
3819
4027
6517
5013
8631
1897
8594
715
1400
5534
8708
8156
3690
5631
7643
6551
7375
9666
7718
8887
10105
3676
6142
2926
4773
2179
7364
2943
4805
3826
6585
5207
1662
8700
5792
3313
5504
7089
4956
6059
2965
4925
5154
1917
5543
8727
4515
1072
4310
3467
9519
3896
1913
8272
7972
6152
6411
9648
2908
8545
4330
4108
1147
1091
7817
6053
1142
6250
7942
4251
8174
7560
1988
4434
7069
1455
4029
8168
8703
4527
886
4661
2701
5570
7670
2408
4912
4072
5285
2744
5349
2835
1293
8838
5034
9880
4243
2992
6032
6222
1801
7067
8737
803
5967
937
9549
6192
3351
342
573
8308
5607
6942
9398
9447
8950
9159
249
1927
9846
8798
10029
7729
2154
5055
5260
7947
8397
8190
9022
6869
7497
5121
4525
5775
8452
5236
4030
9011
5243
4492
7830
9305
10077
6599
3794
1768
7557
620
7193
7958
471
3217
5667
5296
9583
6762
9031
3215
9227
7933
4258
378
704
9832
2881
4228
2114
5830
6075
8714
5480
643
9452
6100
264
6825
4594
5036
1692
2658
5807
4640
985
6515
7443
460
2097
5592
910
9224
4345
8216
8799
7064
2949
8640
4680
6413
586
5528
6103
5473
1632
7668
4627
1967
7711
7913
5264
4638
720
1489
5985
575
9653
4605
5948
6085
8041
4276
3847
4574
8858
7095
7473
3525
507
2842
7260
8908
968
7230
9532
3928
8676
4107
2334
4664
5964
5521
1663
8280
5966
8888
9156
5815
6181
7803
4771
9543
4070
4777
7873
9781
6736
9586
4584
7603
8448
9329
1153
5441
7535
7177
5711
9701
398
9521
8758
8179
5959
7895
1591
8699
999
7458
8869
7356
8617
6110
307
6056
9559
1746
5107
6767
810
6283
5015
3253
9992
5165
1658
8835
149
4083
4930
5594
7487
5321
4169
2567
9513
4094
8636
1399
3432
5255
1343
2497
495
7702
1161
5395
3446
6376
10074
8989
1942
5462
1210
2793
6404
6229
3936
2608
9239
9905
6417
5468
5204
7254
6280
4587
1750
286
8923
5331
6231
9351
828
8990
7317
904
10088
3704
6780
5030
3830
7792
5416
3688
4160
8013
6998
9083
8051
6981
5144
2089
9804
4530
4782
4662
2623
8489
5652
5693
578
3162
8106
8939
3838
5046
111
4602
1751
9340
6122
528
1849
1230
6402
106
7394
6630
3914
6205
884
8477
6606
4110
1806
7023
3230
1904
7811
7395
9553
7923
5717
9425
321
9060
4406
9914
3683
4568
6683
700
4551
4371
9012
5832
1238
1720
1309
6534
6150
5544
7954
4871
9704
8984
1994
807
3741
441
6525
10091
1361
7712
6773
3767
2770
780
2515
5426
3892
8542
5203
7691
5531
8234
9952
4358
9968
9078
10012
1107
9080
883
565
7791
4860
6247
499
9858
3538
5491
1618
4511
8128
9234
752
3383
259
457
4006
6083
257
10118
4043
4181
7572
9113
6947
7034
7898
4444
548
9639
7226
4309
2688
7855
3756
7727
7503
6974
4677
3940
7244
3022
3093
5059
8155
5754
698
7026
6409
73
9473
6219
4398
10058
5596
7480
9525
5276
7162
9764
8848
514
5794
8521
3367
8898
6784
2023
1216
8682
9005
5720
1191
8180
3000
980
9508
6288
5233
4760
7486
7975
7380
2423
5002
9477
7630
10124
6478
301
9302
6204
8347
8893
5425
9740
8084
4582
5229
4208
3431
9859
3414
2406
5798
7268
2634
2397
32
1159
5095
1544
6523
3477
7286
137
9259
8565
9274
5539
4763
8302
7722
6246
8214
5942
2594
8892
6479
4240
9604
8891
7699
8919
4987
1802
7818
1448
3020
738
903
4590
2900
6678
9163
2787
9722
2321
8188
6349
1112
3687
4024
6118
3865
122
6135
6521
7518
10133
1972
4377
8806
6130
9824
7659
4429
250
5125
2026
3165
5658
6424
14
4123
4850
6084
2814
5415
3106
2856
465
7717
6930
5589
4866
8117
4051
1520
5753
9105
6648
7237
3479
1878
6570
9538
8909
1656
6727
2387
8710
732
1906
6609
942
33
2691
9810
1045
9643
8487
10039
6851
4040
951
461
876
9422
8622
8503
5914
6344
9856
7051
5182
5950
5625
9402
7828
9035
5661
5366
4671
2729
8513
5935
1015
2772
7929
8506
7000
5284
2184
1825
7575
1573
6953
8342
4028
10035
6208
2451
5293
6565
3280
8258
3832
8580
6433
1987
8899
3929
4120
8460
8113
2374
8648
7862
8738
5719
2331
4916
6624
6863
8785
2071
7242
6322
4128
8620
4155
8928
10005
7102
3757
8454
5500
8515
2641
2999
5946
3677
4003
317
9686
7700
2716
570
5752
5205
5362
1638
353
6921
8319
7455
8256
5677
8603
1943
4869
9857
7344
8212
3782
1545
77
379
3124
355
5732
9724
635
5856
7348
4943
319
3986
1916
8341
2974
5960
8531
1961
2627
3793
6876
1039
237
4375
6783
8201
79
9275
9573
10013
3858
5560
3117
6887
6680
4064
1488
8724
956
8005
6072
9376
6394
52
6339
9907
6694
7119
7016
5655
6403
2998
4159
4280
1915
8683
3090
6879
7280
4913
9977
7185
6436
7554
3248
1394
716
880
5861
6105
4726
9682
8267
2740
7010
981
4328
1397
8237
6895
4978
7581
6530
5993
6137
4056
8346
7126
6102
8975
4340
7690
8259
7105
4585
8518
5828
4149
5921
4425
2773
7182
3997
3021
7985
8894
2844
4512
5567
3011
8433
5933
4536
1835
4966
8720
7181
4720
5102
4470
9889
9591
3818
9408
6195
9593
1834
6547
6258
7448
3334
5155
178
9739
1936
6186
2784
5839
44
9266
5109
8431
3460
3426
6847
7903
836
4270
376
10131
9222
5770