1838
39
1305
651
5914
2802
5321
6658
4788
1491
1620
1720
933
6500
1680
5229
5517
1277
5355
2461
2362
1676
4273
5667
6097
6637
5098
4143
2622
3379
3308
1422
1823
5286
1369
6559
1255
1885
5580
6448
6691
4382
4791
4918
5055
3945
5118
6687
421
1789
5950
6063
6798
403
5568
4210
1595
1027
4995
2458
2874
6715
5734
2005
1799
2556
3680
4262
5928
4385
2157
4004
1280
5663
4960
5817
2658
3011
6155
1935
925
4991
3403
3829
4855
1472
4265
5960
3059
5798
4253
2769
4239
3436
593
3882
6491
2624
3489
4254
4702
3856
6013
3695
910
5173
1067
4833
1700
6037
2320
4146
5402
948
5197
1431
2167
1655
335
4230
4771
5735
6591
4616
3310
2520
3093
1616
414
6276
4929
1887
6894
4345
3345
3993
2359
3694
757
44
5439
4499
3327
1210
113
6161
3483
6721
4415
679
411
3947
1511
6792
5656
2208
1811
1012
5751
3155
3505
2918
1417
4648
3394
5074
3279
2562
4917
5387
1407
5104
5685
4585
5235
6058
635
1314
1361
21
1530
4128
3937
6196
4179
1928
3948
2596
2150
6741
6186
5551
1520
460
6696
2418
1640
1820
3579
6382
5249
5944
3658
6584
3584
5330
5312
3862
5853
2675
286
1972
3526
1319
6149
4909
5234
1860
2647
5814
1085
4741
4395
1269
4371
6876
1984
1189
666
1024
1082
4028
1958
4110
4879
904
5612
2566
4006
3420
4925
4418
1555
5454
6717
1844
5952
3322
2659
4981
145
3081
4086
4033
2270
2243
3841
612
5563
4224
5437
3358
6650
1071
2590
4515
6396
5904
809
3994
4721
3292
2033
2811
633
2858
2232
181
2688
857
467
1878
6259
1690
6197
2066
2648
3151
3646
5671
2593
3586
6854
6275
620
4483
1775
1636
5221
2678
5628
3805
1966
2316
553
2923
2403
3725
1900
2001
615
6709
1007
1342
6877
6635
4801
3223
2781
1156
5578
2898
6572
1203
1722
6550
643
2102
6112
2734
6087
2952
5480
4735
4536
1003
5966
5155
43
1114
436
5238
840
6730
1796
3083
3049
4513
3452
5160
6789
4389
248
3737
4933
5973
3343
2646
2281
2601
589
5649
2588
2296
1949
1905
6833
1774
5779
6435
4607
4016
2975
1002
1315
3601
222
4331
6630
1030
2554
5097
2112
2107
2315
4591
2075
4383
230
3262
5827
415
4009
3178
4650
737
279
1825
3148
4521
4506
2176
1212
4587
4700
4809
4921
4071
1469
2127
4391
4763
1819
5473
1060
4862
455
5192
1487
6365
1622
417
4609
2460
6681
5388
3901
5837
4195
5726
160
3255
6430
3293
1572
5755
5276
4582
5714
2142
1429
1867
5369
4749
5106
4497
5000
5354
1432
1965
5883
5150
1698
4074
2835
4197
2043
3575
4873
3382
1303
3561
191
5088
1388
2876
6676
2134
4778
701
6065
2247
5018
4096
5168
3282
6405
1573
4893
90
1064
2493
1100
3728
5292
5851
774
5390
3449
6269
1803
1876
5395
5191
518
6422
3816
6901
2014
1006
1859
4134
5393
4503
3056
4147
6192
3042
6680
2772
4314
6167
3067
6638
1161
155
2218
99
1204
4931
1923
2980
5641
5513
5233
6830
6303
5172
6175
2340
2257
1445
6218
5470
6744
778
3541
5063
6737
1598
2098
5403
1115
4635
1219
5136
1226
3808
245
5742
5318
1481
2503
1191
5497
473
5859
5935
6495
2773
3834
291
4676
590
5995
4463
1646
2711
1043
5262
990
5802
853
6652
1881
4936
2025
4508
1843
5789
6907
206
608
3559
3218
3040
5999
3295
4761
4236
2420
5880
5380
6105
6074
2767
4518
6607
1812
6884
5145
4453
1288
5845
4215
2328
1433
2536
3656
786
6142
1247
2813
5287
4712
1152
5091
1299
3309
1478
6133
2292
4171
3515
4834
3251
6842
661
6649
1507
1526
6007
750
5766
3777
327
3848
999
4733
3004
6486
4843
2940
3649
3616
4250
1442
190
1650
6064
4690
5918
5218
4489
831
4478
2353
6015
3047
548
253
4290
6412
1460
4335
2236
198
3653
4216
5436
134
2696
3794
6224
5787
3685
2491
4091
658
2836
2346
5512
6633
1955
5942
4218
1873
4241
2600
1899
1221
5417
1704
1069
5341
3745
242
2966
5211
5048
1504
4707
2856
5329
2495
6279
4832
4531
4618
3821
3066
95
3678
26
613
4047
5614
6178
1467
81
5891
5933
5060
202
6379
3305
6384
2763
305
4593
6767
1846
1364
1584
3076
1326
5560
4815
132
6484
6166
3466
783
4959
1919
520
1975
3136
4304
5976
1042
146
6211
1026
164
3169
3319
3770
4530
1265
842
5105
5399
5457
171
4734
1552
447
2158
1921
1119
4625
3889
1354
4586
5639
1423
92
5295
3739
4001
1037
454
232
3034
6252
508
5781
3647
6091
960
4495
565
5540
2931
1178
6656
182
5815
1059
3991
4655
3815
1856
4772
2634
2685
2887
1652
4368
2462
4070
6257
5300
670
5923
1373
3640
3847
6420
74
1434
3259
4152
4972
6354
592
3473
5362
4223
6349
5089
1737
5538
4175
3995
336
5541
5852
5042
5564
6722
3801
2573
6237
3315
3863
5209
5057
8
965
4408
5184
2378
1167
3208
2585
5590
4819
1888
2457
165
2844
1258
2721
4904
6143
6586
2421
2189
1628
6031
6615
563
551
2834
6150
4148
1256
6889
5256
2644
4597
4310
3785
702
5138
4841
3839
5208
929
3529
6785
6325
4934
4826
1588
2571
4475
4232
6319
6513
259
5385
5977
3409
5899
3551
3313
4686
969
4105
6809
2386
3273
6858
408
459
6308
6300
3492
3663
6567
2442
5332
4244
1471
3513
6216
5447
1583
1245
1759
979
1328
669
3244
4298
4588
3264
2609
3013
3397
6355
4782
1466
6734
621
224
6665
1728
4756
6371
2686
730
912
2139
5495
5371
2549
4296
6092
5813
6594
6234
6298
3098
6250
4610
5724
6763
1735
1186
909
930
619
6290
2539
3946
1513
1149
761
2358
6076
939
361
341
6434
3827
2791
6805
6215
4387
5489
478
4808
2256
236
3929
6698
2414
552
4249
1317
847
4180
2204
1138
211
2206
6022
409
3395
6769
6030
2929
2073
4073
3893
3719
5431
2196
5921
5903
6647
2827
2195
5463
3875
6208
6595
2130
5350
2852
5533
3501
1233
6526
618
4167
685
2371
3931
315
5445
308
420
5534
4303
5093
5482
1112
946
6671
5064
1383
863
6263
3190
389
5203
2804
2816
5616
4945
3828
4305
541
2187
6183
6249
1381
5188
1489
3396
6569
607
1551
4355
2322
571
5722
4667
5374
1800
5230
1399
2427
2915
668
5357
6596
6850
2752
4728
4507
3970
4014
3278
6663
883
237
2831
6048
6049
4669
6361
4446
6704
5657
4329
3162
3072
2885
1623
1446
3108
5750
5254
2097
3771
6873
4208
4706
3444
1396
5930
4805
1244
3037
1702
2502
4051
1699
2500
4121
5130
5926
1276
480
6241
5501
2131
2938
5636
1228
2614
1172
4285
3697
2068
1220
1246
5788
6068
2307
6187
2183
1384
5420
2925
5158
1980
77
2800
2956
5875
5770
5643
2602
4076
5202
1868
4168
2620
6364
5435
5352
36
1712
2436
1934
84
6510
4139
407
5494
6497
2575
2702
5458
6542
777
5633
1411
1018
1549
2643
4606
5337
4730
646
1490
2326
5954
3671
657
4002
4427
6320
4580
4259
5384
5264
703
3189
1768
4481
1910
1066
812
2077
2040
3355
119
2047
580
2010
6790
229
2312
4628
4525
6400
3530
144
5988
1875
2279
6294
4488
1441
6759
2342
3080
5985
2689
4492
595
3696
1286
6184
6316
1839
3296
3300
3631
523
127
4456
6266
5645
5072
6385
660
98
2519
923
1496
50
6003
6024
3256
711
3157
3360
6398
5775
5183
6358
6706
3071
1075
4649
5496
1738
1959
2985
3485
5193
3689
4295
2639
373
5871
3614
2778
3986
6514
4057
1515
6835
5873
2540
1190
6417
2145
6758
4664
843
5068
3967
5152
2883
2186
5280
1493
5982
4003
4883
2683
5984
6639
3111
4848
5451
5073
4145
1528
3177
1187
2786
2512
2487
4207
3272
1225
6137
6487
406
6416
5754
5728
2054
6861
5849
1771
3941
5133
5314
187
2941
410
531
4973
3543
5253
4748
2170
5114
2258
96
2523
3346
5375
3566
4566
5885
1767
4094
5898
1022
6258
3915
5572
4581
3418
5558
2879
1032
3802
971
5226
1912
1458
5391
2193
5189
4553
1294
2799
3391
3537
6214
3115
1522
5830
6653
363
3712
2341
3932
1290
3185
1756
1904
6389
768
6666
4876
4846
4523
3971
5507
2830
5822
4205
217
5719
2074
3487
6516
5070
5216
3232
574
4160
103
581
945
850
4913
6027
3051
378
5039
3867
1289
2271
1387
6493
2076
5308
3752
2992
1425
3956
1254
3880
2921
5677
2919
1929
353
4937
5030
310
627
2166
2504
1486
3722
2369
4905
2261
4039
2478
154
2165
5800
4297
3554
4914
6613
45
805
225
1568
3963
4422
2293
337
3930
5336
5595
6223
5012
5604
4277
5855
6795
6340
6522
3380
4838
5317
6636
587
2464
1365
6885
772
6253
710
687
4765
5053
1497
2854
1822
6733
4052
6363
896
1537
6332
6674
481
6136
726
755
921
1613
2934
5807
1947
5861
811
2329
1270
2660
1657
4493
1094
1649
1142
5075
4999
1173
1715
6329
3974
3053
4575
5016
3872
3106
53
6857
2169
4015
3480
6874
3935
4640
5134
298
561
6020
3052
3421
3758
2382
4104
1320
281
556
2682
572
5975
538
2319
2945
1084
1824
3788
1124
2982
479
6506
32
1841
1162
6808
4576
24
1606
3936
2198
2863
4311
5957
2633
2641
6670
2642
3146
4787
435
2006
2133
3357
5650
5673
5
4112
5553
2701
752
3949
4473
5584
3325
376
1047
5605
3628
2508
4313
704
5443
5530
6541
239
1052
4795
4360
3890
3318
1686
2272
5285
5342
1209
6409
4111
5468
5465
5059
374
118
6050
3518
4000
931
3612
1197
6171
1168
3933
3084
2149
2200
1795
4113
5708
5434
720
2825
391
5490
4431
6247
6770
5626
6802
3075
3470
1331
1550
1134
3094
1166
4908
3555
4543
5922
6220
2143
2926
3896
5867
5313
2808
5953
3955
1011
85
6335
6429
484
4993
4732
605
3010
4140
2783
6764
5730
3219
4062
1102
2226
5259
717
5119
5223
2544
3622
1459
4850
6082
2780
3181
916
1393
3914
4839
4161
2465
6898
1398
343
292
5344
6390
1196
914
1745
4849
1895
3477
4365
4825
5338
3727
1013
6130
1814
5205
4526
5054
5758
5543
5129
6862
3908
6444
1231
6899
5324
304
5428
1879
5777
3959
4364
5811
1366
1158
681
3919
3764
700
5110
3488
3747
5082
3285
6449
3172
3744
483
905
2030
2224
2957
6479
2411
642
5893
3599
1684
6533
2437
5247
5692
37
3718
5757
385
1285
5848
4075
4816
1307
2524
2071
6231
6740
1428
3414
3458
4467
5343
6360
4820
4404
4724
1462
2366
2850
5805
3105
4604
579
6870
4162
1645
6690
2744
1483
6507
1251
3028
672
6669
4399
3886
2291
5618
333
1099
4872
877
6198
3860
6102
753
4397
781
2489
6117
1580
3576
2128
252
3385
2739
6625
3750
2968
2147
4038
78
1943
1121
303
4800
89
2021
6488
6039
2490
714
2728
1559
5041
3352
106
493
4190
1988
728
5453
2244
2709
4955
4301
5407
5963
6147
4672
3717
952
2439
4620
2892
1372
6609
6478
3921
4490
1782
3211
3870
6804
4689
1218
2603
1165
1877
5200
5886
6443
2050
2377
5383
3753
1577
429
6791
3197
3904
2096
3375
6677
6766
727
496
6222
4450
2971
5026
6702
173
6179
4042
2463
3386
3032
1903
1911
6634
2482
201
1175
676
3441
2338
33
329
1271
3826
881
4867
1561
5570
4449
4680
5438
4864
197
2450
5675
3713
3907
6352
1130
4745
4817
6675
5710
2444
6170
5498
3448
2725
1659
4684
273
754
4663
5062
2777
1986
6826
1450
6288
6315
5373
1111
6033
2210
4920
4379
4562
2393
4804
4324
744
2220
3390
3571
3016
4078
396
4256
4199
3246
2865
2428
2466
2913
364
3142
268
4784
1743
3742
4790
3655
5510
5748
2137
4638
6561
6600
2417
1920
6694
4660
2471
6289
5720
6310
2824
1485
3479
3435
3804
6271
2009
3511
307
2803
959
2314
6528
214
2526
2252
623
3152
4455
4340
844
3416
3129
3224
6786
5547
1414
5377
48
597
6168
766
2979
1521
2871
5240
3850
2212
22
6679
3206
5829
1301
740
5112
4976
136
6585
1716
1482
1415
2511
813
4107
1311
1922
3361
5688
386
4737
5424
1499
5161
935
2274
3139
2108
5263
6581
80
5061
970
3876
5056
509
1213
4954
600
358
3572
578
4622
1777
6623
4317
1185
1886
988
3498
3550
3184
6026
6710
884
3314
3027
4691
2737
4494
4410
1607
4120
6011
725
4245
1182
4516
5464
3506
4428
6711
4088
2065
3512
963
4708
723
3564
5825
306
220
172
6837
716
705
1420
1334
246
1682
4326
5625
2135
6703
3429
2181
2038
3660
6799
3874
878
4234
1619
5386
817
2829
2936
1582
72
2595
875
2191
2818
4098
1533
2666
4082
6574
6673
38
6543
2665
5839
189
4403
4519
3797
5520
2904
4346
3100
5182
2528
5687
5418
2895
3118
678
934
3446
4965
2426
4209
1531
6760
6096
2630
839
2604
3194
1742
2172
207
3029
5654
943
2351
4978
3406
495
6539
5378
6845
434
907
2113
247
6843
6242
2822
2962
6655
6863
2840
527
5808
3560
2635
1618
4323
3413
2674
6773
887
2197
4
5996
514
5652
2859
2990
515
3568
1544
432
2568
133
6035
837
5347
2162
1615
5901
1470
5349
5653
2233
6834
5306
6508
104
5664
1679
1736
2053
1016
2240
5909
4252
856
560
4509
401
5566
93
1159
4595
5196
880
2154
5036
758
940
1557
5978
457
330
4476
4040
4370
2754
6841
852
3069
4194
4627
3116
6099
3723
3776
1021
4675
2492
5401
2910
4623
5441
5603
6055
405
4114
5537
2724
3000
169
5994
4777
1249
4555
2893
5593
866
1298
3465
4762
1199
5323
4491
4863
1336
4231
2476
3698
913
2313
2438
1786
5661
3054
3838
6782
5769
2034
5049
6553
4149
6408
956
1957
2920
4176
6356
5121
5303
6648
4116
3853
5320
1386
1525
641
2912
4316
3617
274
1103
94
3976
3055
4888
2650
1181
500
6337
2215
468
3724
1236
5487
5662
4341
2713
4227
6272
3124
5763
2494
1349
2276
4022
4421
5773
3402
1746
630
4812
1005
708
4173
3237
6811
3320
640
2385
5601
442
1129
3112
5132
6688
5079
2563
2587
588
5912
798
617
12
2402
3803
1758
2541
5478
993
1145
3977
6141
6043
2710
5965
6606
3831
4479
1109
5632
1773
2081
1362
3019
932
1835
3589
1848
6304
1852
6746
647
6761
179
6748
731
1346
6424
2909
6903
6494
6880
88
362
1985
4177
3662
2222
4533
6515
6482
4471
6438
6645
5945
6678
5676
2309
3160
6295
6212
2078
1122
3664
5096
6095
3973
238
1708
983
5340
6106
662
4284
4599
6343
6849
19
2881
2700
530
3432
2141
3334
4898
652
2109
2372
2248
6815
654
3608
6380
3812
3570
2124
4987
6296
4502
6848
5884
66
4891
5413
3286
5017
6200
4095
4550
4853
4739
6119
3706
6330
14
2105
2998
168
6125
4564
2543
675
1534
6327
6800
2059
559
1239
1527
4486
114
767
2798
6207
1397
140
6551
2527
3508
3759
4496
6896
6245
3187
5697
1805
4828
2591
2032
262
793
5358
2288
2657
1902
2263
4204
6376
3131
800
5881
3426
2679
1160
5142
1948
2967
4594
5469
5549
3514
1896
790
5405
5948
2738
6485
2545
131
6520
3809
2908
1355
6523
2070
2608
6865
6883
4221
2843
3036
3819
3241
2453
3942
375
5305
5147
139
5765
4977
6362
4961
2221
4895
1260
6404
787
1554
6838
4753
6755
4318
2916
2973
6191
3204
591
835
6189
2758
5488
3521
4915
6280
6104
3009
221
1891
5727
2262
3556
5491
1656
2443
2735
5680
2155
3790
5556
6555
5144
5311
413
5416
5103
897
3101
1778
6324
5187
5169
5239
4964
906
5772
6727
2299
2589
4137
6483
650
5085
898
2788
2388
1343
4750
5408
3780
2889
1224
845
1821
4275
742
6735
908
450
2845
1262
4617
3269
4393
6538
5266
2672
5858
5157
5020
5066
6032
1569
3615
2999
2209
1953
1603
3167
5217
1266
1479
3117
3796
1968
2099
5440
5481
1514
5915
1901
2627
6432
2994
6299
1495
2424
5621
2379
6839
4923
891
1721
5027
2284
686
3988
4482
2484
6662
2960
3107
3539
4611
101
3226
1291
3210
5293
5799
3596
6626
5367
5841
4569
6708
2175
2776
3928
1883
1941
4372
966
2976
2235
3900
3573
1952
1347
655
5598
566
998
3691
3104
1571
4274
416
2868
1733
1150
871
5261
3592
3301
3410
2057
4474
6796
3082
475
1500
918
1779
4912
3775
5456
6314
5516
3175
2136
25
5959
4619
5493
6174
4930
1257
6771
6083
1892
6109
1614
3089
4789
2350
924
5694
6338
6012
775
851
3690
2623
6433
5819
2323
525
4184
6414
1170
3810
3623
5565
4308
1215
4916
4958
1687
4043
6689
3811
1660
5190
5740
433
5932
4187
4871
5793
2103
5768
5475
1263
6525
2884
4369
2294
6254
6111
2775
4551
4875
2866
4968
3064
148
3868
3411
1356
6582
6807
3367
2331
4060
741
3701
4447
4694
550
6614
1253
4794
2391
6392
2230
3335
4032
872
3006
3349
1926
4903
2823
2949
1389
5429
4169
5046
1019
864
1287
1564
997
601
2855
111
6230
3038
4842
5835
5759
2373
625
1229
6001
3957
5462
3540
3562
882
1232
317
3250
6185
423
1818
2636
34
6692
3677
977
1180
2121
5107
2550
5141
2761
5220
5268
2260
2499
5423
3626
3110
5333
1865
6501
4907
5668
3050
1143
489
443
2094
5576
5521
3469
2745
4701
5241
6008
4892
4906
2337
4081
6823
696
324
1651
5876
1696
4106
3912
3478
4899
634
1810
2352
1125
2789
5228
5776
569
1855
4381
6787
3548
3078
1832
3122
293
2004
4163
6344
6181
2903
4353
5571
6131
2681
3760
4970
2693
6373
838
4470
2592
1230
177
263
6743
3474
9
130
1893
2880
2914
3738
6305
5195
539
4856
6080
4868
6246
4330
5892
6383
6306
4174
174
6890
2422
3684
4293
1806
697
788
6891
1752
5207
6852
4445
5820
4027
3887
2062
5716
3782
4837
688
1089
554
6502
6776
2720
3692
91
2886
4023
4688
562
2651
1309
3524
3307
3326
1214
2765
2354
2995
6853
3674
5224
4615
2615
4294
4283
4416
250
6439
194
5879
6840
6042
73
1954
6010
4722
4845
123
369
5866
3996
3153
5309
4687
471
1794
2667
1610
6201
3620
1155
1519
5920
4714
3120
986
3999
465
6054
522
3892
199
893
1054
4089
6423
5972
4659
736
4992
4090
3166
5842
5528
1068
4005
1546
4064
5764
323
6618
4661
3125
5821
2110
5518
3025
5747
491
6023
4919
399
1494
2013
3412
4802
5123
2768
502
2640
175
1695
3547
3130
5051
109
3191
2698
6129
6060
1854
5939
5860
4248
827
498
964
2905
2404
2548
2140
4108
6120
4366
5791
920
2389
4153
6210
300
4793
51
1739
4041
4538
6270
2486
2152
1061
5143
3982
1368
2146
6886
532
4189
594
5479
614
1602
1982
2300
785
3516
6851
3665
4186
193
5101
4135
4692
5644
836
5250
6806
537
4882
1427
4424
4264
2452
69
1973
6642
255
1378
1475
2986
6765
4461
2202
1765
3965
27
7
256
4646
6829
3681
5997
5515
1201
5265
1029
1590
5838
1412
3482
1341
1647
2501
6391
1044
3502
859
6589
6411
3835
5969
3987
2958
4711
6138
1829
3979
4026
3778
6357
2022
4710
2042
5542
3121
2691
1576
5212
1732
1009
3920
6619
894
3857
2041
1689
1674
1510
4678
3486
4413
902
985
3654
6347
4010
1685
682
659
2083
5971
954
1333
2357
309
6558
4443
469
609
611
6616
3330
2084
1223
2026
5900
6605
372
464
4677
3366
4048
622
3220
2901
115
2086
2454
1390
4774
3276
584
4626
6005
6566
2555
1454
3643
3960
2972
3468
2069
2400
6021
6381
4836
3033
5444
2164
2583
1717
3611
4477
5980
1274
2806
2867
6697
4359
5297
5078
6047
6654
1516
6100
6227
4115
354
2330
6683
6562
4574
2289
5288
513
4439
4498
3145
693
1593
2538
180
17
3958
5034
2764
6345
3532
870
3609
707
3496
4681
2873
690
4546
2944
143
2216
5284
339
46
1325
4967
2817
3289
2762
3600
4151
4822
5958
5335
5370
3975
5575
3336
6450
2774
3490
6144
184
3062
3324
383
5029
4811
3730
6193
5519
1630
1727
5955
2749
6821
2964
2080
4629
606
868
789
2862
4757
1703
1014
4886
547
1924
5471
6816
1241
1781
919
890
4138
2506
2275
6038
631
5559
1409
5394
6540
5442
2087
2771
819
4726
1817
1709
311
4642
5225
4840
6544
5294
1995
5298
3911
5058
4125
4394
2349
6893
980
4166
2690
5905
4217
524
996
573
4559
1380
6336
1337
3192
6277
365
2656
1195
3270
4511
6226
346
3855
4830
3347
4464
6499
1091
2525
2584
6101
6519
1235
5122
277
453
4779
3715
5244
6006
1310
2578
4911
6334
2481
3766
1050
5273
3918
2285
4796
6372
2301
6783
4887
5718
3240
4401
3983
598
6794
5008
260
4612
3733
5045
82
1095
6810
6059
1004
1532
2082
4943
5025
321
4541
4426
244
6511
4251
2348
2318
3953
215
1692
2174
4685
5127
3644
564
3227
5696
4910
6882
1193
5863
6046
3039
3549
4894
338
3031
462
6318
804
3641
1077
6378
3990
5086
5270
2223
4880
2547
3249
3442
5137
5171
4596
4343
2264
810
2953
5201
2671
2628
5550
4233
5485
3591
1076
1870
6624
5833
6445
2415
3968
5139
108
3618
6599
6225
2234
1565
437
6041
5231
4065
2052
4723
5725
5674
5410
2743
2355
466
2567
3894
684
1345
3200
6481
461
3633
3138
3613
861
3225
4744
449
5744
5613
5459
2477
3113
4824
1292
4718
289
6075
2180
6548
6019
1279
2680
3823
359
5331
3926
6731
2431
4512
2699
3897
6629
4054
1340
2902
5269
276
3001
167
6822
6135
6757
629
3022
3824
5102
1056
6576
1830
6628
5450
4417
1562
208
876
6322
4182
6527
3147
2132
2440
87
3604
3707
4378
1547
1136
5310
4505
3619
2419
4206
5326
5786
951
200
680
4131
533
1092
2425
4058
4050
210
3869
3754
5783
446
534
6622
1718
526
4755
4400
3173
1444
955
381
2188
1744
2715
1048
4601
6752
264
4746
3709
444
944
987
558
4583
529
2518
3710
1107
6498
1430
5242
370
1451
3217
888
1169
794
1764
5246
2408
1008
5364
4117
521
5213
4255
4336
4704
3329
6346
6784
322
6394
1611
3675
1772
3605
3650
3519
6157
5159
1592
2965
616
4556
2020
2297
3716
3726
624
6028
6754
3277
4299
4361
6560
284
4552
2079
1798
889
2911
319
270
5594
4829
6062
5032
1421
3437
2405
3274
796
3102
2741
2365
5095
656
5398
1108
1240
2015
6158
4766
1861
1385
6291
848
5499
294
2532
6317
3061
3399
748
6134
3205
1760
1597
5733
367
6728
2333
4480
440
1063
6351
637
2507
6895
4351
4549
2485
1426
3143
6779
5210
5887
331
1808
1272
540
5711
3144
4144
2433
3866
1141
3792
5500
6664
280
648
3008
5709
5983
5573
3687
3844
826
2621
5277
677
1348
3290
4651
3239
5539
5723
6056
6905
834
1626
4432
1713
6580
4979
5356
2922
5414
6546
6657
3652
1120
5299
492
535
649
1804
709
2407
4141
3923
6617
6644
4946
3265
4374
3672
4319
1323
2205
4641
5291
3645
1081
3254
4957
4996
2044
6256
1329
1273
6908
743
516
975
2574
2225
2807
5681
5703
2304
2011
4066
4280
3234
4466
4567
4220
1858
2605
2227
4159
4119
3510
342
5753
585
4212
11
3294
2306
1234
6719
6753
3864
6505
5705
3281
6124
1538
235
3768
6165
1093
2246
886
5998
1670
2325
6232
3451
3837
3045
470
6415
1028
2742
2514
2935
3711
2298
3740
3878
6333
4747
1344
228
1227
1992
6611
3980
1788
5587
1931
1184
4388
2201
5913
756
3602
6173
2534
3598
3398
950
3337
1051
3433
5432
2179
683
632
6283
5684
941
1950
6368
4363
5368
430
4603
3661
4154
5002
5670
2213
3940
4997
5574
3769
1474
4636
1392
6421
6593
5177
4271
3635
4974
3755
234
6282
4683
1770
1648
5700
3057
4768
3638
2017
3950
332
4046
6374
6793
734
2746
4465
2619
4425
3247
474
968
6720
4036
6217
795
4437
4797
6446
3682
5278
6578
6621
1917
1600
4281
5094
6377
1509
2085
6009
972
5554
3735
5588
3266
828
2455
567
2475
5869
6236
141
1951
1604
4029
3163
4654
5476
2870
6531
1436
849
3095
3443
1335
4025
5907
6536
4044
1672
6313
6079
1406
1473
5865
5505
4092
6229
6244
5895
6436
425
313
1586
1981
4287
6045
2344
251
42
2398
1837
1783
3
1991
1304
3242
6123
3002
6086
2194
3732
6286
4103
2969
2283
1424
2192
3763
1501
3884
2625
5511
463
4657
5846
3353
5606
3642
5503
2394
3263
5419
824
5962
4865
1754
6517
4621
1211
2706
4031
5596
3703
1612
3952
3368
2125
5882
395
4017
5415
3637
3425
4670
6451
6052
5987
28
6570
3984
2586
1585
5140
6693
6113
2795
6199
3387
4188
4720
3666
3462
3176
1461
1776
6855
2560
1171
2118
3299
1653
5524
6348
345
636
3014
5607
1259
4083
2697
2996
5151
4178
5545
4632
3392
1669
3795
3188
2821
67
388
4563
2037
441
1654
6577
1671
4102
2000
6002
3905
2327
3341
511
822
5319
2961
5038
2250
3683
149
1039
6819
4202
769
2878
1634
791
5376
6906
4896
4928
2970
6686
5934
1098
4306
387
240
2718
4860
6682
5474
5361
4510
1116
312
299
4136
2707
4266
3749
4922
4338
4011
4998
3676
503
3092
5449
2305
4522
4201
6148
6813
5430
6705
2190
2448
3086
412
352
4454
5258
3354
5669
1318
1132
5924
3304
1964
1933
3405
6182
2498
1999
5857
1351
5894
5154
1834
5483
2993
6583
2864
6098
751
713
3431
5176
2064
4705
6121
4598
6612
3525
4542
2736
3748
1242
1945
4459
818
6812
1581
326
722
5366
1990
6406
2618
3015
1053
6610
499
1967
6238
3746
360
5732
2101
2008
1020
6176
4093
5304
2907
5010
6403
4878
3302
3215
3044
2598
1784
4286
603
957
1382
3845
1678
3430
2951
6716
3252
5069
2606
5004
5260
2809
4881
2617
6418
3497
2716
2564
3332
6273
6651
3297
1438
241
698
6301
4444
1608
1939
1755
638
3440
209
2785
4288
4696
5809
5019
3447
5022
3899
1813
3597
2955
1321
3476
390
3195
2933
1665
1828
1297
1041
1350
2383
3639
3434
1847
1283
75
3350
989
4769
3670
3630
5826
1673
4504
170
6419
4272
3852
3484
439
3585
1035
1664
5334
3371
3415
3158
2228
5561
1762
5037
6732
5011
3372
6180
1740
4122
5050
3233
1724
6534
4902
3439
1216
5635
3493
4059
5761
5660
2663
2939
5345
5536
3582
1749
1104
2416
2207
760
4411
6431
1589
6699
1714
2286
4156
1556
125
2360
4874
5792
2473
3927
903
2890
4806
5527
5686
2231
4949
3851
5409
3906
1909
4783
2160
2565
5896
947
6661
4438
4940
1658
5024
5937
5743
2703
6154
4109
41
5630
6545
6667
2558
5351
4767
5302
5981
5279
3997
5582
4451
283
2129
6643
4798
6847
1275
2048
153
5194
4247
6575
5353
4500
2104
3627
382
1025
2280
1734
6768
3786
5021
1278
4589
5215
3096
5690
1157
4430
1729
56
2842
749
4300
5001
5762
2093
3041
2848
5466
1447
2308
6557
6867
6302
320
6239
735
2003
328
3231
1793
1627
487
5797
4633
2002
5868
1374
1049
3456
4950
397
5624
2381
2924
6632
1072
6221
4181
1088
2727
4291
3291
984
2016
1787
6437
2380
858
3757
6251
2756
1370
2561
3877
4653
3533
3822
6069
3593
797
1637
2119
1925
2397
1705
1850
3135
4261
779
2046
2522
3419
2732
2219
1816
4885
4320
107
570
967
20
2668
2733
6447
3832
2664
1558
5426
5925
3849
3495
4537
6359
2302
57
4348
3074
5348
1146
5396
5666
4854
5100
5452
4668
6
5397
4634
3235
4539
6426
3577
4339
1400
974
2597
5567
545
4613
4084
5433
2036
6856
4337
6321
6375
4558
1882
2869
2324
2954
3097
3407
5812
349
2445
97
4097
3161
265
862
2917
418
1840
2717
3364
1394
1638
4994
2984
3017
2872
4030
5627
4534
1932
4321
3966
721
1993
4213
1693
1144
2750
6116
1480
3992
1956
183
3196
4647
4069
1040
3467
2900
1110
249
3275
188
4315
1726
1079
2356
302
5448
2937
1250
5619
5346
1202
6163
5927
5888
2959
691
5583
2251
1367
6339
1151
3171
6631
356
3048
1845
31
2229
4055
55
3137
2253
4322
2521
3339
3659
2645
4645
2669
4063
2812
5608
2599
2429
2249
5702
1338
1579
1962
1570
6725
3774
543
6342
2332
5683
6685
4246
47
2268
6044
2211
1058
5120
2266
6260
5717
3060
6729
6504
4165
832
398
3557
4458
3370
6713
4347
4951
29
5629
3455
4897
5149
2027
4344
2392
6159
2729
6660
4631
3383
6240
3503
5009
3099
4731
2670
2637
3005
5794
4377
5204
3806
13
6556
176
5301
1908
719
4956
1339
1938
6387
2747
5878
4087
5610
2546
4719
2505
4198
196
3068
4715
885
4196
404
4367
5577
4056
4752
4409
129
142
1753
982
5167
2472
5033
6088
5989
2
2396
3388
1524
1731
3679
1127
4984
6774
6871
5736
3587
6788
4693
1463
3077
1574
1313
6401
5252
3567
1324
6627
6603
1506
3858
223
4658
1694
3961
6490
2395
6573
4953
1567
1073
6701
2832
6194
3545
1915
715
5752
6145
3298
3989
1833
2997
6004
6093
4072
3700
2695
2496
5816
4414
6477
6781
5790
4639
5599
3400
1268
2570
3021
1667
3542
4775
6094
3202
1609
4900
3546
799
3193
2851
3668
3791
4532
3648
3260
841
1884
3517
5771
2390
6825
596
4068
100
6114
4861
1123
1062
992
4986
3344
6518
1541
5738
2470
4263
4392
604
1448
2072
2991
577
1238
6287
5806
1946
2019
1566
3563
2278
6772
694
5243
1147
4079
3840
5678
1492
4963
278
3985
6328
64
3751
6132
4270
6814
6051
3581
2434
5248
1632
2719
3708
4268
5411
4847
928
4334
4452
1118
3156
226
6402
2580
1974
5874
689
536
5872
3583
4969
5271
2814
4717
5780
6803
6723
5938
5267
1302
3132
1456
431
3417
1177
5165
5179
4889
4012
3704
4462
3471
6608
2888
3784
2214
4118
1866
2509
4608
4328
5818
3058
5993
3424
626
4835
2613
2410
873
2757
1194
6904
4267
6879
2259
5862
5647
3895
4698
4578
825
4170
4637
5404
4713
1300
5929
6602
1371
5544
5040
4129
2413
555
3020
557
5023
1217
3085
318
5591
4436
3212
4682
6053
1960
2035
2797
3981
2447
712
5739
2838
3150
3817
5052
1543
1352
6565
2753
5889
5028
2467
5455
6902
3843
2828
1206
2060
5077
2891
6824
874
4158
5015
1376
5731
802
6014
1015
6122
5236
2290
4729
357
3767
71
2531
3667
3199
6081
4831
6532
4852
3925
4742
5548
1836
3536
667
2401
5007
5044
1357
5729
494
3885
5968
2692
6568
855
4405
4225
5850
3119
334
4155
4770
1477
6726
3457
5460
4235
6397
2582
3459
3229
1419
1330
2978
2989
195
1853
3657
1675
3450
340
4877
2497
3311
419
3216
6057
745
5508
3721
10
2594
4407
2815
6195
4485
4049
6018
2516
519
5222
271
2655
6537
1706
5525
4884
5502
6428
3087
3209
5290
5043
4080
1842
4699
5185
3401
3222
5658
4754
2156
602
2303
3186
5219
6281
2161
1332
4327
6881
2787
6190
5940
4938
477
2723
5509
5672
4229
549
4448
780
355
1126
5526
2111
288
2553
2515
5648
5523
1961
3288
6587
3574
3154
2748
3267
4529
663
4035
5339
1983
3688
6235
2987
1031
3632
5113
4101
4193
5506
1106
6441
3174
138
4133
4100
1293
5911
4278
2896
5941
3149
6326
6386
1512
117
3603
6072
231
1560
5514
366
6738
3762
6118
1563
52
2217
1769
2126
2820
1723
6512
2144
1963
1010
5065
4697
269
2988
4944
4844
2430
6601
628
4786
2963
1591
4535
981
3705
2449
5698
4858
2983
3046
1979
2974
76
807
2067
1851
3253
5400
6869
3321
4258
5721
6202
2058
1529
4760
4307
2782
586
747
2510
2759
5847
4548
5206
4736
5689
2694
816
3669
4350
1914
3228
152
2023
2755
6745
3594
2374
1038
1711
5699
2120
3588
5615
3268
4289
5272
6388
1587
5936
4396
4725
4600
5162
3934
4380
261
2483
5908
3030
4517
6641
5856
5642
1322
4988
4982
3859
1889
2245
5532
833
2168
1154
1452
4434
5707
3842
512
2345
3938
6293
5810
2533
4240
6564
6307
438
3331
5991
958
4200
5634
3183
2479
3213
5108
3236
2537
1502
583
3714
746
6530
2649
314
1862
1662
4468
4228
4376
4652
4695
1033
5713
6353
582
6205
6742
5283
4859
1697
3170
4561
5255
6480
5170
2412
3306
1176
3917
5767
1666
348
5840
1284
3323
185
644
829
422
1205
6413
5979
4776
506
528
1691
5951
1785
1264
6177
5640
3338
5620
2740
5281
3522
3198
3820
54
163
2535
1017
1996
301
1183
1831
426
3734
2730
5446
4727
1139
1907
5691
5071
4183
1719
2731
5198
6078
5328
5124
6860
4429
6395
610
5651
2049
4279
3123
1748
1937
5128
926
3625
5131
5067
5109
2423
368
5741
5947
4952
3978
1036
3438
497
2726
1402
1517
776
5679
2368
1045
1163
482
5175
5116
3578
4282
5986
1869
3472
4716
6797
1624
5803
6878
653
4211
2370
1918
1523
732
2705
1809
3018
6442
4547
3356
6278
6265
3781
4123
3772
1987
1763
3159
6228
2384
4743
1575
5365
3500
4021
2607
2116
4034
5531
782
6071
4545
2007
773
2943
671
6828
3693
6762
6073
5854
3408
4572
4357
6262
1849
6425
706
803
4990
5579
4571
2796
5597
3128
2653
4441
3595
5522
4157
5906
3504
2552
3063
290
2446
5824
1971
1553
1874
1046
6844
1435
1625
6588
5552
490
6427
5589
2029
3924
3903
5389
6892
1989
1465
3881
5864
5245
3428
1057
2199
6672
4191
3316
1857
5166
2177
2857
5836
2631
5796
6547
1401
4349
4130
1391
1131
4067
1621
3035
1200
6126
937
2899
2861
3109
2661
287
6712
2946
6604
2456
5600
258
5307
4780
953
2784
1701
2347
4671
2950
5585
1994
1023
1707
1096
2977
4924
3610
6172
1944
699
3799
6370
316
6756
4989
6910
6160
6751
2579
6440
765
3606
806
4764
203
6864
718
40
3453
517
1725
6579
1488
3103
5992
4703
1663
6747
3729
1078
6489
2203
297
4971
1296
2148
2106
4813
6888
1080
6521
3761
3634
1815
815
942
1751
5148
729
3207
3534
3243
1379
126
3939
2090
5970
16
2435
3422
5801
2031
6736
808
3527
3494
158
3813
1790
6700
6108
821
733
3902
4939
5569
1416
3328
2451
901
4172
3702
2295
6274
4126
6248
4412
4219
6407
2012
3736
2948
2287
6695
1998
4007
1635
3607
4352
4570
2826
2399
6255
112
1766
3741
2611
35
2652
445
976
2751
1791
116
3007
3756
4354
1440
961
243
4773
472
3384
3043
2364
6399
5535
922
2551
4487
4605
4024
575
2930
4309
4679
4624
1617
3091
927
6668
6139
1179
5461
4857
6034
5080
6146
3743
4460
23
5199
5174
846
6866
6846
3491
3888
3954
5251
6152
4469
4966
1207
4203
6410
1683
1997
2932
5125
2432
1644
59
1137
764
6164
1641
351
2339
5181
5665
1464
6323
5778
1801
6640
1741
6749
4947
5467
3257
1827
5003
371
5760
1208
1936
5111
3373
257
6115
5090
692
4799
2178
1977
2241
1243
6598
1880
147
282
2387
3699
1757
2760
3340
4276
5804
3720
830
4325
3910
5164
1890
962
3342
4935
1065
156
6036
5745
2529
1074
86
2576
1639
6571
3800
5967
2942
1599
6077
3312
3165
3127
150
991
1312
6801
5186
2779
266
6897
5785
5949
3798
2480
854
2335
1916
4807
6061
452
2123
402
4302
1605
1596
2265
510
1281
915
3012
2947
6590
6552
2173
6297
5382
1105
2853
3454
3891
3883
3964
6285
6169
2638
272
1548
3283
4890
3528
2282
400
4527
3362
5737
5425
978
3943
5126
1405
5081
2115
3182
4579
576
344
1578
392
3284
2238
1906
285
5756
2406
3544
1449
2488
2616
5484
1930
5014
1000
3731
3374
2712
6554
1222
6820
5381
1978
458
1629
4390
2343
3636
2254
4644
3624
1484
4980
4520
6646
379
3765
5712
6496
1375
5427
1295
2894
4312
428
6780
504
3070
5392
3998
3376
1668
4406
4851
3861
3126
159
5592
4665
5701
275
6089
4590
2459
377
3261
1940
3303
6350
6153
105
2766
2847
6070
4926
4440
5296
1055
6659
6492
5695
5637
2468
4358
6067
6875
6233
801
2277
5363
5092
1750
2267
5379
3565
2687
3393
2722
5631
5214
6066
1306
3818
6156
4373
3944
4242
4759
3464
5646
1316
1034
1353
673
3179
6597
4602
4185
4053
6203
4785
5180
2409
1476
4941
2897
1897
2117
6213
1807
2367
2612
3846
2091
161
1976
5257
5917
6331
5831
2846
3023
5715
5163
2088
3369
1542
4127
4870
5232
18
724
3836
4423
3951
2063
6204
2906
3238
4419
1267
5828
3359
949
5609
5844
4927
2138
695
5322
5117
4709
4673
456
2837
2875
3460
2792
6724
2153
6103
6778
1377
2184
4420
3065
1913
2654
3793
3203
2810
3509
4528
5943
2334
2577
4823
5146
4442
1359
5546
2841
6868
892
350
4398
3389
6452
3333
4237
3003
6620
488
6311
5076
6284
1117
4333
5622
3317
394
6529
4573
5919
3271
4560
505
5956
1410
501
1360
5325
5156
295
2928
2569
2819
4827
6040
1174
3538
1443
4568
227
1358
1198
4630
4738
486
4045
5135
3427
2708
6827
3523
2610
5084
1
2530
2714
4402
2114
2242
3140
1090
30
5275
1942
4932
2790
1498
1403
599
5902
3404
5946
2793
4260
4238
4013
1395
938
2185
2517
2237
5282
544
2833
2676
2877
4524
476
6563
823
3879
5005
3248
3381
3807
6029
5877
4332
5910
4803
3079
6243
4818
4544
6739
3024
1363
3873
3898
5659
3787
1710
2163
936
3590
865
2882
3972
1455
4557
2629
3180
5504
2122
4037
3969
5274
6090
151
4866
6261
347
192
204
1970
1070
6107
759
4214
2559
1164
6750
5115
2336
5360
1540
4243
3779
4435
4554
5359
792
1404
1792
5153
485
6831
1237
3962
5035
5006
122
6128
2018
6084
6151
1437
1083
3348
3351
166
738
860
4375
137
2061
2255
4061
1661
6188
5823
1097
5412
3134
1681
1192
2363
4592
216
770
1601
2045
5782
4962
1087
3913
2317
674
5784
4019
1439
5099
5087
3569
5961
3621
1545
3651
2632
4099
4292
1642
3463
4457
5749
6777
4501
4124
1505
6909
2310
1418
3461
6684
5706
6127
2039
3214
1101
6292
3833
1894
1503
879
1643
6341
1113
4662
2673
771
1128
2662
5897
5562
763
2269
3475
5227
2361
4020
5834
6268
1802
3580
451
1633
6162
110
3245
4901
4985
3558
4226
2805
820
2542
3164
1468
4758
1898
2794
5843
6367
2704
664
4814
4342
3916
1761
4018
267
5237
5013
6209
5795
2273
6592
2051
4362
4008
218
5990
2684
3377
1453
1535
814
6206
568
3168
1780
4740
4164
5964
3871
542
5557
1747
2095
2056
1536
4942
1140
2055
762
1261
3922
3363
900
2375
5472
1864
2376
2770
5289
5638
2151
1594
2311
784
2581
4643
3553
3280
2981
4751
5890
4222
2860
1872
2839
4484
1408
4674
4384
6714
6393
296
3909
15
3287
5916
212
4142
6110
5178
6140
233
5617
135
6832
2572
1457
6017
4577
427
1327
665
1797
973
3090
4869
2024
4269
6887
899
1413
6859
2092
1539
2557
4150
1518
2089
380
869
2182
3783
5477
1282
4656
178
5774
4792
5974
3365
6549
6366
1631
994
6775
3535
3499
5422
4948
4821
5327
4077
2677
3141
1863
5031
5581
645
6707
5586
6535
4975
4472
3789
3221
6264
895
3378
3088
911
5047
5315
2849
2239
5655
5492
6817
6872
6025
1927
5083
424
1148
3445
4433
6818
3865
1133
3423
5746
3686
5316
5704
5555
867
448
4085
3133
1153
128
4666
6016
3114
4192
4132
4584
254
6369
120
6267
5529
6312
1508
917
3552
5486
4565
5623
325
5682
1135
1252
2469
1826
3814
2028
3825
6900
3073
3507
1677
5931
6524
6911
2626
3201
4514
3854
1248
5870
6836
5611
6453
4781
5693
393
4810
3673
4540
3830
384
5406
2321
1188
2801
4614
5832
2100
5372
2171
1969
6309
4356
2513
2474
3258
639
6000
2441
6219
6085
4386
3531
5421
5602
2927
1001
3629
1308
3520
6718
507
1730
1086
4983
3026
2159
739
3481
4257
995
3773
1871
3230